# ==========================================================
#           ! Related Eearthquakes !
# ==========================================================

# Good SNR. AK
200605221308
200606221053
200705302022
200709031614
200807050212
200811240903
200904210526
200909100246
200912100230
201110210802
201305241456
201310010338


# Good ScS, Thin. CA
200705251747
200707211327
200707211534
200711180540
200807080913
200809031125
200810122055
200907120612
200911141944
201101010956
201103061231
201106201636
201111221848
201205141000
201205280507

# Very Good SNR. (THIS 18 !)
200608250044
200705251747
200707211327
200707211534
200711180540
200807080913
200809031125
200810122055
200907120612
200911141944
201003042239
201101010956
201103061231
201106201636
201111221848
201205141000
201205280507
201308230834

# Good SNR
200608250044
200705251747
200707211327
200707211534
200711180540
200807080913
200809031125
200810122055
200907120612
200909050358
200911130727
200911141944
201003042239
201005241618
201101010956
201103061231
201106201636
201109021347
201111221848
201205141000
201205280507
201308230834
201407232139

# Simple S source.
200608250044
200705251747
200707211327
200707211534
200711180540
200807080913
200809031125
200810122055
200911130727
200911141944
201003042239
201103061231
201106201636
201111221848
201205141000
201205280507
201308230834
201407232139

# NewSet. Mw5.5, 100km,  Box Area, SA, IRIS. ( 71, second select > 50. )
200608250044
200610232100
200610300416
200702131456
200705251747
200707120523
200707211327
200707211534
200709260443
200711160313
200711180540
200807080913
200808262100
200809031125
200809130932
200810122055
200901292228
200907120612
200907141838
200909050358
200911130727
200911141944
201001032039
201001252252
201001280804
201002121203
201003042239
201004052236
201005160516
201005190415
201005232246
201005241618
201007120011
201007261731
201009130715
201009241901
201010221931
201101010956
201103061231
201104021059
201104170158
201106080306
201106201636
201108150253
201108241746
201109021347
201111221848
201203050746
201205141000
201205280507
201206020752
201206071603
201208020938
201210080150
201211101457
201211221307
201302091416
201302221201
201305142339
201306081225
201307022004
201307101432
201308230834
201401271642
201401291001
201405140338
201407232139
201408230445
201408242321
201409241116
201410261045

# NewSet. Mw5.5, 100km,  Box Area, SA, IRIS. (79)
200608250044
200609301626
200610232100
200610300416
200702131456
200704180108
200705251747
200707120523
200707211327
200707211534
200709260443
200711160313
200711180540
200807080913
200808262100
200809031125
200809130932
200810122055
200901292228
200903150819
200907120612
200907141838
200909050358
200909301903
200911130727
200911141944
201001032039
201001252252
201001280804
201002071709
201002121203
201003042239
201004052236
201005160516
201005190415
201005232246
201005241618
201007120011
201007261731
201009130715
201009241901
201010221931
201101010956
201103061231
201104021059
201104170158
201106080306
201106201636
201108150253
201108241746
201109021347
201111221848
201203050746
201205141000
201205280507
201206020752
201206071603
201208020938
201210080150
201211101457
201211221307
201211280309
201302091416
201302221201
201305142339
201306081225
201307022004
201307101432
201308230834
201401271642
201401291001
201403311253
201405140338
201405161708
201407232139
201408230445
201408242321
201409241116
201410261045

# NewSet. Mw5.5, 100km,  Box Area, SA, IRIS. (110)
200606270207
200606271124
200608250044
200609121330
200609170934
200609220232
200609242108
200609301626
200610070820
200610170402
200610232100
200610300416
200611071325
200611130126
200611142222
200611271731
200702100603
200702131456
200703092101
200704180108
200705010352
200705251747
200706141041
200707120523
200707211327
200707211534
200708291618
200709260443
200710250835
200711160313
200711180540
200711211255
200712251620
200712262340
200801050729
200802161445
200803242039
200807080913
200808262100
200809031125
200809130932
200810122055
200812041647
200901292228
200903150819
200904031754
200907120612
200907141838
200909050358
200909301903
200911130727
200911141944
201001032039
201001252252
201001280804
201002071709
201002121203
201003042239
201004052236
201004092223
201005160516
201005190415
201005232246
201005241618
201007120011
201007261731
201009130715
201009241901
201010221931
201101010956
201103061231
201104021059
201104170158
201106080306
201106201636
201107230256
201108150253
201108241746
201109021347
201111072235
201111221848
201203050746
201205141000
201205280507
201206020752
201206071603
201206270630
201208020938
201210080150
201211101457
201211221307
201211280309
201302091416
201302221201
201305142339
201306081225
201307022004
201307101432
201308230834
201401271642
201401291001
201403311253
201404112029
201405140338
201405161708
201407232139
201408230445
201408242321
201409241116
201410261045

# Old EQset
200809031125  0.0     0      0      0.05
200810122055  0.0     0.07   0.12   0
200911141944  0.05    0      0      0
201003042239  -0.1    -0.05  -0.05  0.01
201007120011  -0.1   -0.07  -0.03  0.03
201103061231   0.0    0      0      0.1
201205141000  -0.15   0      -0.03  0.07
201206071603  -0.05   0.03   0      0.13
200608250044  -0.2    0.09   0      0.09
200707211534  0.0     0      0.07   0
200711180540  0.2     0      0      -0.05
200803242039  -0.15   0      0      0
200807080913  -0.13   0      0      0.08
201101010956  -0.16   0      0      0
201109021347  -0.1    0      0.08   -0.06
201205280507  -0.1    0      0.05   0
201211141902  -0.2    0      0      0
201302221201  0.0     0      0      0.08
200707120523  -0.1    -0.05  -0.1   0
200707211327  0.05    0      0      0.13
200711160313  -0.05   0      0      0.06
200907120612  -0.1    0      0      0
201005190415   0.05   -0.03  0      0.02
201208020938  0.0     0.06   0      0.13
200609291308  0.0     0      0      0.1

# Rho=1.0 Synthesis dataset:
201500000001
201500000004
201500000007
201500000010
201500000013
201500000016
201500000019
201500000022
201500000025
201500000028
201500000031
201500000034
201500000037
201500000040
201500000043
201500000046
201500000049
201500000052
201500000055
201500000058
201500000061
201500000064
201500000067
201500000070
201500000073
201500000076
201500000079
201500000082
201500000085
201500000088
201500000091
201500000094
201500000097
201500000100
201500000103
201500000106
201500000109
201500000112
201500000115
201500000118
201500000121
201500000124
201500000127
201500000130
201500000133
201500000136
201500000139
201500000142
201500000145
201500000148
201500000151
201500000154
201500000157
201500000160
201500000163
201500000166
201500000169
201500000172
201500000175
201500000178
201500000181
201500000184
201500000187
201500000190
201500000193
201500000196
201500000199
201500000202
201500000205
201500000208
201500000211
201500000214
201500000217
201500000220
201500000223
201500000226
201500000229
201500000232
201500000235
201500000238
201500000241
201500000244
201500000247
201500000250
201500000253
201500000256
201500000259
201500000262
201500000265
201500000268
201500000271
201500000274
201500000277
201500000280
201500000283
201500000286

# AK
200605221308
200606221053
200608242150
200705302022
200709031614
200712251404
200807050212
200807231526
200811240903
200904181918
200904210526
200909100246
200912100230
201110210802
201208140259
201302021417
201304190305
201305240544
201305241456
201310010338
