<EQ> <F1> <F2> <S_E1> <S_E2> <ScS_E1> <ScS_E2> <WBegin> <WLen> <WBegin_ScS> <WLen_ScS>

200608250044        0.033  0.3         -5 15   -5 15           -5 15  -5 15
200705251747        0.033  0.3         -10 15  -5 15           -5 15  -5 15
200707211327        0.033  0.3         -10 20  -5 15           -5 15  -5 15
200707211534        0.033  0.3         -5 15   -5 20           -5 15  -5 15
200711180540        0.033  0.3         -5 15   -5 15           -5 15  -5 15
200807080913        0.033  0.3         -5 15   -10 10          -5 15  -5 10
200809031125        0.033  0.3         -5 15   -5 15           -5 15  -5 15
200810122055        0.030  0.3         -5 15   -5 15           -5 15  -5 15
200907120612        0.033  0.3         -5 15   -5 15           -5 15  -5 15
200911141944        0.033  0.3         -10 15  -5 15           -5 15  -5 15
201003042239        0.033  0.3         -10 15  -5 15           -5 15  -5 15
201101010956        0.033  0.3         -10 20  -5 15           -5 15  -5 15
201103061231        0.033  0.3         -10 15  -5 15           -5 15  -5 15
201106201636        0.033  0.3         -10 15  -5 13           -5 15  -5 15
201111221848        0.033  0.3         -10 15  -5 15           -5 15  -5 15
201205141000        0.030  0.3         -10 10  -8  8           -5 15  -5 15
201205280507        0.033  0.3         -5 15   -10 10          -5 15  -5 15
201308230834        0.033  0.3         -10 15  -5 10           -5 25  -5 15
