<EQ>            <F1>    <F2>  <S_E1>  <S_E2>  <ScS_E1>   <ScS_E2>  <WBegin>  <WLen> <WBegin_ScS>  <WLen_ScS>  <StretchAMP1>    <StretchAMP2>    <StretchAMP3>    <VerticalStretch1>    <VerticalStretch2>    <VerticalStretch3>
200608250044  0.030  0.3  -5 15   -5 15   -5 15  -5 15  -0.17  -0.13  -0.29  -0.03  -0.05  -0.03
200705251747  0.033  0.3  -10 15  -5 15   -5 15  -5 15  -0.15  -0.19   0.13  -0.01  -0.02  -0.07
200707211327  0.033  0.3  -10 20  -5 15   -5 15  -5 15   0.03   0.05   0.05   0.01   0.01  -0.01
200707211534  0.033  0.3  -5 15   -5 20   -5 15  -5 15  -0.01  -0.07  -0.13  -0.01  -0.01  -0.03
200711180540  0.033  0.3  -5 15   -5 15   -5 15  -5 15   0.09  -0.17  -0.01  -0.01  -0.04  -0.03
200807080913  0.033  0.3  -5 15   -10 10  -5 15  -5 10  -0.21  -0.21  -0.21  -0.08  -0.06  -0.04
200809031125  0.033  0.3  -5 15   -5 15   -5 15  -5 15   0.01   0.17   0.07   0.00   0.00  -0.01
200810122055  0.030  0.3  -5 15   -5 15   -5 15  -5 15   0.11   0.01   0.03   0.03   0.00  -0.03
200907120612  0.033  0.3  -5 15   -5 15   -5 15  -5 15  -0.27  -0.21  -0.23  -0.01  -0.02   0.00
200909050358  0.033  0.3  -5 15   -5 15   -5 15  -5 15  -0.29  -0.17  -0.21  -0.01  -0.02   0.01
200911130727  0.033  0.3  -10 10  -10 10  -5 15  -5 15   0.01  -0.09  -0.03   0.01   0.00  -0.01
200911141944  0.033  0.3  -10 15  -5 15   -5 15  -5 15  -0.11  -0.19   0.01   0.00  -0.03  -0.01
201003042239  0.033  0.3  -10 15  -5 15   -5 15  -5 15  -0.15  -0.15  -0.15   0.04  -0.01  -0.03
201005241618  0.033  0.3  -10 20  -5 15   -5 15  -5 15  -0.15  -0.09  -0.07   0.01   0.00   0.00
201101010956  0.033  0.3  -10 20  -5 15   -5 15  -5 15  -0.19  -0.13  -0.07  -0.02   0.01   0.00
201103061231  0.033  0.3  -10 15  -5 15   -5 15  -5 15  -0.15  -0.15   0.03  -0.01   0.00   0.00
201106201636  0.033  0.3  -10 15  -5 13   -5 15  -5 15  -0.29  -0.23  -0.23  -0.01  -0.02  -0.03
201109021347  0.030  0.3  -10 15  -10 15  -3 15  -3 15   0.00  -0.17  -0.13  -0.02   0.02  -0.01
201111221848  0.033  0.3  -10 15  -5 15   -5 15  -5 15  -0.01  -0.13   0.07   0.00  -0.01  -0.01
201205141000  0.030  0.3  -10 10  -8  8   -5 15  -5 15  -0.15  -0.19  -0.23   0.01  -0.04  -0.02
201205280507  0.033  0.3  -5 15   -10 10  -5 15  -5 15  -0.17  -0.19  -0.17   0.01   0.01   0.00
201308230834  0.033  0.3  -10 15  -5 10   -5 25  -5 15  -0.09  -0.11  -0.13  -0.03  -0.01  -0.01
201407232139  0.033  0.3  -10 15  -5 10   -5 15  -5 15  -0.17   0.11   0.01   0.02   0.00  -0.01

200605221308  0.033  0.3   -10 15   -5 15  -5 15  -5 15  -0.17  -0.13  -0.29  -0.03  -0.05  -0.03
200606221053  0.033  0.3   -10 15   -5 15  -5 15  -5 15  -0.15  -0.19   0.13  -0.01  -0.02  -0.07
200608242150  0.033  0.3   -10 15   -5 15  -5 15  -5 15   0.03   0.05   0.05   0.01   0.01  -0.01
200705302022  0.033  0.3   -10 15   -5 15  -5 15  -5 15  -0.01  -0.07  -0.13  -0.01  -0.01  -0.03
200709031614  0.033  0.3   -10 15   -5 15  -5 15  -5 15   0.09  -0.17  -0.01  -0.01  -0.04  -0.03
200712251404  0.033  0.3   -10 15   -5 15  -5 15  -5 10  -0.21  -0.21  -0.21  -0.08  -0.06  -0.04
200807050212  0.033  0.3   -10 15   -5 15  -5 15  -5 15   0.01   0.17   0.07   0.00   0.00  -0.01
200807231526  0.033  0.3   -10 15   -5 15  -5 15  -5 15   0.11   0.01   0.03   0.03   0.00  -0.03
200811240903  0.033  0.3   -10 15   -5 15  -5 15  -5 15  -0.27  -0.21  -0.23  -0.01  -0.02   0.00
200904181918  0.033  0.3   -10 15   -5 15  -5 15  -5 15  -0.29  -0.17  -0.21  -0.01  -0.02   0.01
200904210526  0.033  0.3   -10 15   -5 15  -5 15  -5 15   0.01  -0.09  -0.03   0.01   0.00  -0.01
200909100246  0.033  0.3   -10 15   -5 15  -5 15  -5 15  -0.11  -0.19   0.01   0.00  -0.03  -0.01
200912100230  0.033  0.3   -10 15   -5 15  -5 15  -5 15  -0.15  -0.15  -0.15   0.04  -0.01  -0.03
201110210802  0.033  0.3   -10 15   -5 15  -5 15  -5 15  -0.15  -0.09  -0.07   0.01   0.00   0.00
201208140259  0.033  0.3   -10 15   -5 15  -5 15  -5 15  -0.19  -0.13  -0.07  -0.02   0.01   0.00
201302021417  0.033  0.3   -10 15   -5 15  -5 15  -5 15  -0.15  -0.15   0.03  -0.01   0.00   0.00
201304190305  0.033  0.3   -10 15   -5 15  -5 15  -5 15  -0.29  -0.23  -0.23  -0.01  -0.02  -0.03
201305240544  0.033  0.3   -10 15   -5 15  -3 15  -3 15   0.00  -0.17  -0.13  -0.02   0.02  -0.01
201305241456  0.033  0.3   -10 15   -5 15  -5 15  -5 15  -0.01  -0.13   0.07   0.00  -0.01  -0.01
201310010338  0.033  0.3   -10 15   -5 15  -5 15  -5 15  -0.15  -0.19  -0.23   0.01  -0.04  -0.02
