<EQ>            <F1>    <F2>  <S_E1>  <S_E2>  <ScS_E1>   <ScS_E2>  <WBegin>  <WLen> <WBegin_ScS>  <WLen_ScS>  <StretchAMP1>    <StretchAMP2>    <StretchAMP3>    <VerticalStretch1>    <VerticalStretch2>    <VerticalStretch3>
200608250044  0.030  0.3  -5 15   -5 15   -5 15  -5 15  -0.25   0.00   0.00  -0.05   0.00   0.00
200705251747  0.033  0.3  -10 15  -5 15   -5 15  -5 15  -0.07   0.00   0.00  -0.05   0.00   0.00
200707211327  0.033  0.3  -10 20  -5 15   -5 15  -5 15  -0.11   0.00   0.00   0.00   0.00   0.00
200707211534  0.033  0.3  -5 15   -5 20   -5 15  -5 15  -0.09   0.00   0.00  -0.03   0.00   0.00
200711180540  0.033  0.3  -5 15   -5 15   -5 15  -5 15  -0.17   0.00   0.00  -0.03   0.00   0.00
200807080913  0.033  0.3  -5 15   -10 10  -5 15  -5 10  -0.23   0.00   0.00  -0.05   0.00   0.00
200809031125  0.033  0.3  -5 15   -5 15   -5 15  -5 15  -0.07   0.00   0.00  -0.01   0.00   0.00
200810122055  0.030  0.3  -5 15   -5 15   -5 15  -5 15  -0.01   0.00   0.00  -0.01   0.00   0.00
200907120612  0.033  0.3  -5 15   -5 15   -5 15  -5 15  -0.19   0.00   0.00  -0.01   0.00   0.00
200909050358  0.033  0.3  -5 15   -5 15   -5 15  -5 15  -0.17   0.00   0.00  -0.01   0.00   0.00
200911130727  0.033  0.3  -10 10  -10 10  -5 15  -5 15  -0.09   0.00   0.00  -0.01   0.00   0.00
200911141944  0.033  0.3  -10 15  -5 15   -5 15  -5 15  -0.17   0.00   0.00  -0.02   0.00   0.00
201003042239  0.033  0.3  -10 15  -5 15   -5 15  -5 15  -0.15   0.00   0.00  -0.02   0.00   0.00
201005241618  0.033  0.3  -10 20  -5 15   -5 15  -5 15  -0.07   0.00   0.00  -0.01   0.00   0.00
201101010956  0.033  0.3  -10 20  -5 15   -5 15  -5 15  -0.09   0.00   0.00  -0.01   0.00   0.00
201103061231  0.033  0.3  -10 15  -5 15   -5 15  -5 15  -0.17   0.00   0.00  -0.01   0.00   0.00
201106201636  0.033  0.3  -10 15  -5 13   -5 15  -5 15  -0.17   0.00   0.00  -0.03   0.00   0.00
201109021347  0.030  0.3  -10 15  -10 15  -3 15  -3 15  -0.11   0.00   0.00   0.00   0.00   0.00
201111221848  0.033  0.3  -10 15  -5 15   -5 15  -5 15  -0.09   0.00   0.00  -0.01   0.00   0.00
201205141000  0.030  0.3  -10 10  -8  8   -5 15  -5 15  -0.13   0.00   0.00  -0.04   0.00   0.00
201205280507  0.033  0.3  -5 15   -10 10  -5 15  -5 15  -0.19   0.00   0.00   0.00   0.00   0.00
201308230834  0.033  0.3  -10 15  -5 10   -5 25  -5 15  -0.15   0.00   0.00  -0.01   0.00   0.00
201407232139  0.033  0.3  -10 15  -5 10   -5 15  -5 15  -0.21   0.00   0.00  -0.01   0.00   0.00
