19.362	40.000
19.367	40.010
19.372	40.020
19.377	40.030
19.381	40.040
19.386	40.050
19.391	40.060
19.396	40.070
19.401	40.080
19.406	40.090
19.410	40.100
19.415	40.110
19.420	40.120
19.425	40.130
19.430	40.140
19.435	40.150
19.439	40.160
19.444	40.170
19.449	40.180
19.454	40.190
19.459	40.200
19.464	40.210
19.469	40.220
19.474	40.230
19.479	40.240
19.484	40.250
19.489	40.260
19.494	40.270
19.499	40.280
19.503	40.290
19.508	40.300
19.513	40.310
19.518	40.320
19.523	40.330
19.528	40.340
19.533	40.350
19.538	40.360
19.543	40.370
19.548	40.380
19.553	40.390
19.558	40.400
19.563	40.410
19.568	40.420
19.573	40.430
19.578	40.440
19.583	40.450
19.588	40.460
19.592	40.470
19.597	40.480
19.602	40.490
19.607	40.500
19.612	40.510
19.617	40.520
19.622	40.530
19.627	40.540
19.632	40.550
19.636	40.560
19.641	40.570
19.646	40.580
19.651	40.590
19.656	40.600
19.661	40.610
19.666	40.620
19.671	40.630
19.675	40.640
19.680	40.650
19.685	40.660
19.690	40.670
19.695	40.680
19.700	40.690
19.705	40.700
19.709	40.710
19.714	40.720
19.719	40.730
19.724	40.740
19.729	40.750
19.734	40.760
19.738	40.770
19.743	40.780
19.748	40.790
19.753	40.800
19.758	40.810
19.763	40.820
19.768	40.830
19.772	40.840
19.777	40.850
19.782	40.860
19.787	40.870
19.792	40.880
19.797	40.890
19.801	40.900
19.806	40.910
19.811	40.920
19.816	40.930
19.821	40.940
19.826	40.950
19.830	40.960
19.835	40.970
19.840	40.980
19.845	40.990
19.850	41.000
19.855	41.010
19.860	41.020
19.865	41.030
19.870	41.040
19.875	41.050
19.880	41.060
19.885	41.070
19.890	41.080
19.894	41.090
19.899	41.100
19.904	41.110
19.909	41.120
19.914	41.130
19.919	41.140
19.924	41.150
19.929	41.160
19.934	41.170
19.939	41.180
19.944	41.190
19.949	41.200
19.954	41.210
19.959	41.220
19.964	41.230
19.969	41.240
19.974	41.250
19.979	41.260
19.983	41.270
19.988	41.280
19.993	41.290
19.998	41.300
20.003	41.310
20.008	41.320
20.013	41.330
20.018	41.340
20.023	41.350
20.027	41.360
20.032	41.370
20.037	41.380
20.042	41.390
20.047	41.400
20.052	41.410
20.057	41.420
20.062	41.430
20.066	41.440
20.071	41.450
20.076	41.460
20.081	41.470
20.086	41.480
20.091	41.490
20.095	41.500
20.100	41.510
20.105	41.520
20.110	41.530
20.115	41.540
20.120	41.550
20.125	41.560
20.129	41.570
20.134	41.580
20.139	41.590
20.144	41.600
20.149	41.610
20.154	41.620
20.159	41.630
20.164	41.640
20.168	41.650
20.173	41.660
20.178	41.670
20.183	41.680
20.188	41.690
20.193	41.700
20.198	41.710
20.203	41.720
20.208	41.730
20.213	41.740
20.217	41.750
20.222	41.760
20.227	41.770
20.232	41.780
20.237	41.790
20.242	41.800
20.247	41.810
20.252	41.820
20.257	41.830
20.262	41.840
20.266	41.850
20.271	41.860
20.276	41.870
20.281	41.880
20.286	41.890
20.291	41.900
20.296	41.910
20.301	41.920
20.306	41.930
20.311	41.940
20.315	41.950
20.320	41.960
20.325	41.970
20.330	41.980
20.335	41.990
20.340	42.000
20.345	42.010
20.350	42.020
20.355	42.030
20.360	42.040
20.364	42.050
20.369	42.060
20.374	42.070
20.379	42.080
20.384	42.090
20.389	42.100
20.394	42.110
20.399	42.120
20.404	42.130
20.409	42.140
20.413	42.150
20.418	42.160
20.423	42.170
20.428	42.180
20.433	42.190
20.438	42.200
20.443	42.210
20.448	42.220
20.453	42.230
20.458	42.240
20.462	42.250
20.467	42.260
20.472	42.270
20.477	42.280
20.482	42.290
20.487	42.300
20.492	42.310
20.497	42.320
20.502	42.330
20.507	42.340
20.511	42.350
20.516	42.360
20.521	42.370
20.526	42.380
20.531	42.390
20.536	42.400
20.541	42.410
20.546	42.420
20.551	42.430
20.556	42.440
20.560	42.450
20.565	42.460
20.570	42.470
20.575	42.480
20.580	42.490
20.585	42.500
20.590	42.510
20.595	42.520
20.600	42.530
20.605	42.540
20.609	42.550
20.614	42.560
20.619	42.570
20.624	42.580
20.629	42.590
20.634	42.600
20.639	42.610
20.644	42.620
20.649	42.630
20.654	42.640
20.658	42.650
20.663	42.660
20.668	42.670
20.673	42.680
20.678	42.690
20.683	42.700
20.688	42.710
20.693	42.720
20.698	42.730
20.703	42.740
20.707	42.750
20.712	42.760
20.717	42.770
20.722	42.780
20.727	42.790
20.732	42.800
20.737	42.810
20.742	42.820
20.747	42.830
20.752	42.840
20.757	42.850
20.761	42.860
20.766	42.870
20.771	42.880
20.776	42.890
20.781	42.900
20.786	42.910
20.791	42.920
20.796	42.930
20.801	42.940
20.806	42.950
20.810	42.960
20.815	42.970
20.820	42.980
20.825	42.990
20.830	43.000
20.835	43.010
20.840	43.020
20.845	43.030
20.849	43.040
20.854	43.050
20.859	43.060
20.864	43.070
20.869	43.080
20.874	43.090
20.879	43.100
20.883	43.110
20.888	43.120
20.893	43.130
20.898	43.140
20.903	43.150
20.908	43.160
20.912	43.170
20.917	43.180
20.922	43.190
20.927	43.200
20.932	43.210
20.937	43.220
20.942	43.230
20.946	43.240
20.951	43.250
20.956	43.260
20.961	43.270
20.966	43.280
20.971	43.290
20.975	43.300
20.980	43.310
20.985	43.320
20.990	43.330
20.995	43.340
21.000	43.350
21.004	43.360
21.009	43.370
21.014	43.380
21.019	43.390
21.024	43.400
21.029	43.410
21.034	43.420
21.039	43.430
21.044	43.440
21.049	43.450
21.054	43.460
21.059	43.470
21.064	43.480
21.068	43.490
21.073	43.500
21.078	43.510
21.083	43.520
21.088	43.530
21.093	43.540
21.098	43.550
21.103	43.560
21.108	43.570
21.113	43.580
21.118	43.590
21.123	43.600
21.128	43.610
21.133	43.620
21.138	43.630
21.143	43.640
21.148	43.650
21.152	43.660
21.157	43.670
21.162	43.680
21.167	43.690
21.172	43.700
21.177	43.710
21.182	43.720
21.187	43.730
21.192	43.740
21.197	43.750
21.201	43.760
21.206	43.770
21.211	43.780
21.216	43.790
21.221	43.800
21.226	43.810
21.231	43.820
21.236	43.830
21.241	43.840
21.245	43.850
21.250	43.860
21.255	43.870
21.260	43.880
21.265	43.890
21.270	43.900
21.275	43.910
21.280	43.920
21.285	43.930
21.290	43.940
21.294	43.950
21.299	43.960
21.304	43.970
21.309	43.980
21.314	43.990
21.319	44.000
21.324	44.010
21.329	44.020
21.334	44.030
21.339	44.040
21.343	44.050
21.348	44.060
21.353	44.070
21.358	44.080
21.363	44.090
21.368	44.100
21.373	44.110
21.378	44.120
21.383	44.130
21.388	44.140
21.392	44.150
21.397	44.160
21.402	44.170
21.407	44.180
21.412	44.190
21.417	44.200
21.422	44.210
21.427	44.220
21.432	44.230
21.437	44.240
21.441	44.250
21.446	44.260
21.451	44.270
21.456	44.280
21.461	44.290
21.466	44.300
21.471	44.310
21.476	44.320
21.481	44.330
21.486	44.340
21.490	44.350
21.495	44.360
21.500	44.370
21.505	44.380
21.510	44.390
21.515	44.400
21.520	44.410
21.525	44.420
21.530	44.430
21.535	44.440
21.539	44.450
21.544	44.460
21.549	44.470
21.554	44.480
21.559	44.490
21.564	44.500
21.569	44.510
21.574	44.520
21.579	44.530
21.584	44.540
21.588	44.550
21.593	44.560
21.598	44.570
21.603	44.580
21.608	44.590
21.613	44.600
21.618	44.610
21.623	44.620
21.628	44.630
21.633	44.640
21.638	44.650
21.642	44.660
21.647	44.670
21.652	44.680
21.657	44.690
21.662	44.700
21.667	44.710
21.672	44.720
21.677	44.730
21.682	44.740
21.687	44.750
21.691	44.760
21.696	44.770
21.701	44.780
21.706	44.790
21.711	44.800
21.716	44.810
21.721	44.820
21.726	44.830
21.730	44.840
21.735	44.850
21.740	44.860
21.745	44.870
21.750	44.880
21.755	44.890
21.759	44.900
21.764	44.910
21.769	44.920
21.774	44.930
21.779	44.940
21.784	44.950
21.789	44.960
21.793	44.970
21.798	44.980
21.803	44.990
21.808	45.000
21.813	45.010
21.818	45.020
21.823	45.030
21.828	45.040
21.832	45.050
21.837	45.060
21.842	45.070
21.847	45.080
21.852	45.090
21.857	45.100
21.862	45.110
21.867	45.120
21.872	45.130
21.877	45.140
21.881	45.150
21.886	45.160
21.891	45.170
21.896	45.180
21.901	45.190
21.906	45.200
21.911	45.210
21.916	45.220
21.921	45.230
21.926	45.240
21.930	45.250
21.935	45.260
21.940	45.270
21.945	45.280
21.950	45.290
21.955	45.300
21.960	45.310
21.965	45.320
21.970	45.330
21.975	45.340
21.979	45.350
21.984	45.360
21.989	45.370
21.994	45.380
21.999	45.390
22.004	45.400
22.009	45.410
22.014	45.420
22.019	45.430
22.024	45.440
22.029	45.450
22.034	45.460
22.039	45.470
22.044	45.480
22.049	45.490
22.053	45.500
22.058	45.510
22.063	45.520
22.068	45.530
22.073	45.540
22.078	45.550
22.083	45.560
22.088	45.570
22.093	45.580
22.098	45.590
22.103	45.600
22.108	45.610
22.113	45.620
22.118	45.630
22.123	45.640
22.128	45.650
22.133	45.660
22.137	45.670
22.142	45.680
22.147	45.690
22.152	45.700
22.157	45.710
22.162	45.720
22.167	45.730
22.172	45.740
22.177	45.750
22.181	45.760
22.186	45.770
22.191	45.780
22.196	45.790
22.201	45.800
22.206	45.810
22.211	45.820
22.216	45.830
22.220	45.840
22.225	45.850
22.230	45.860
22.235	45.870
22.240	45.880
22.245	45.890
22.249	45.900
22.254	45.910
22.259	45.920
22.264	45.930
22.269	45.940
22.274	45.950
22.279	45.960
22.283	45.970
22.288	45.980
22.293	45.990
22.298	46.000
22.303	46.010
22.308	46.020
22.313	46.030
22.318	46.040
22.322	46.050
22.327	46.060
22.332	46.070
22.337	46.080
22.342	46.090
22.347	46.100
22.352	46.110
22.357	46.120
22.362	46.130
22.366	46.140
22.371	46.150
22.376	46.160
22.381	46.170
22.386	46.180
22.391	46.190
22.396	46.200
22.401	46.210
22.406	46.220
22.411	46.230
22.416	46.240
22.421	46.250
22.426	46.260
22.431	46.270
22.436	46.280
22.440	46.290
22.445	46.300
22.450	46.310
22.455	46.320
22.460	46.330
22.465	46.340
22.470	46.350
22.475	46.360
22.480	46.370
22.485	46.380
22.490	46.390
22.495	46.400
22.500	46.410
22.505	46.420
22.510	46.430
22.515	46.440
22.520	46.450
22.525	46.460
22.530	46.470
22.535	46.480
22.540	46.490
22.545	46.500
22.550	46.510
22.555	46.520
22.559	46.530
22.564	46.540
22.569	46.550
22.574	46.560
22.579	46.570
22.584	46.580
22.589	46.590
22.594	46.600
22.599	46.610
22.604	46.620
22.609	46.630
22.614	46.640
22.618	46.650
22.623	46.660
22.628	46.670
22.633	46.680
22.638	46.690
22.643	46.700
22.647	46.710
22.652	46.720
22.657	46.730
22.662	46.740
22.667	46.750
22.672	46.760
22.676	46.770
22.681	46.780
22.686	46.790
22.691	46.800
22.696	46.810
22.701	46.820
22.706	46.830
22.710	46.840
22.715	46.850
22.720	46.860
22.725	46.870
22.730	46.880
22.735	46.890
22.739	46.900
22.744	46.910
22.749	46.920
22.754	46.930
22.759	46.940
22.764	46.950
22.768	46.960
22.773	46.970
22.778	46.980
22.783	46.990
22.788	47.000
22.793	47.010
22.798	47.020
22.803	47.030
22.808	47.040
22.813	47.050
22.818	47.060
22.823	47.070
22.828	47.080
22.832	47.090
22.837	47.100
22.842	47.110
22.847	47.120
22.852	47.130
22.857	47.140
22.862	47.150
22.867	47.160
22.872	47.170
22.877	47.180
22.882	47.190
22.887	47.200
22.892	47.210
22.897	47.220
22.902	47.230
22.907	47.240
22.912	47.250
22.916	47.260
22.921	47.270
22.926	47.280
22.931	47.290
22.936	47.300
22.941	47.310
22.946	47.320
22.951	47.330
22.956	47.340
22.960	47.350
22.965	47.360
22.970	47.370
22.975	47.380
22.980	47.390
22.985	47.400
22.990	47.410
22.995	47.420
23.000	47.430
23.005	47.440
23.010	47.450
23.015	47.460
23.020	47.470
23.025	47.480
23.030	47.490
23.034	47.500
23.039	47.510
23.044	47.520
23.049	47.530
23.054	47.540
23.059	47.550
23.064	47.560
23.069	47.570
23.074	47.580
23.079	47.590
23.084	47.600
23.089	47.610
23.094	47.620
23.099	47.630
23.104	47.640
23.109	47.650
23.113	47.660
23.118	47.670
23.123	47.680
23.128	47.690
23.133	47.700
23.138	47.710
23.143	47.720
23.148	47.730
23.153	47.740
23.158	47.750
23.162	47.760
23.167	47.770
23.172	47.780
23.177	47.790
23.182	47.800
23.187	47.810
23.192	47.820
23.197	47.830
23.202	47.840
23.206	47.850
23.211	47.860
23.216	47.870
23.221	47.880
23.226	47.890
23.231	47.900
23.236	47.910
23.241	47.920
23.246	47.930
23.251	47.940
23.255	47.950
23.260	47.960
23.265	47.970
23.270	47.980
23.275	47.990
23.280	48.000
23.285	48.010
23.290	48.020
23.295	48.030
23.300	48.040
23.305	48.050
23.310	48.060
23.315	48.070
23.320	48.080
23.325	48.090
23.329	48.100
23.334	48.110
23.339	48.120
23.344	48.130
23.349	48.140
23.354	48.150
23.359	48.160
23.364	48.170
23.369	48.180
23.374	48.190
23.379	48.200
23.384	48.210
23.389	48.220
23.394	48.230
23.399	48.240
23.404	48.250
23.408	48.260
23.413	48.270
23.418	48.280
23.423	48.290
23.428	48.300
23.433	48.310
23.438	48.320
23.443	48.330
23.448	48.340
23.453	48.350
23.457	48.360
23.462	48.370
23.467	48.380
23.472	48.390
23.477	48.400
23.482	48.410
23.487	48.420
23.492	48.430
23.497	48.440
23.501	48.450
23.506	48.460
23.511	48.470
23.516	48.480
23.521	48.490
23.526	48.500
23.531	48.510
23.536	48.520
23.541	48.530
23.546	48.540
23.550	48.550
23.555	48.560
23.560	48.570
23.565	48.580
23.570	48.590
23.575	48.600
23.580	48.610
23.585	48.620
23.590	48.630
23.595	48.640
23.600	48.650
23.604	48.660
23.609	48.670
23.614	48.680
23.619	48.690
23.624	48.700
23.629	48.710
23.634	48.720
23.639	48.730
23.644	48.740
23.649	48.750
23.653	48.760
23.658	48.770
23.663	48.780
23.668	48.790
23.673	48.800
23.678	48.810
23.683	48.820
23.688	48.830
23.692	48.840
23.697	48.850
23.702	48.860
23.707	48.870
23.712	48.880
23.717	48.890
23.722	48.900
23.726	48.910
23.731	48.920
23.736	48.930
23.741	48.940
23.746	48.950
23.751	48.960
23.755	48.970
23.760	48.980
23.765	48.990
23.770	49.000
23.775	49.010
23.780	49.020
23.785	49.030
23.789	49.040
23.794	49.050
23.799	49.060
23.804	49.070
23.809	49.080
23.814	49.090
23.818	49.100
23.823	49.110
23.828	49.120
23.833	49.130
23.838	49.140
23.843	49.150
23.847	49.160
23.852	49.170
23.857	49.180
23.862	49.190
23.867	49.200
23.872	49.210
23.877	49.220
23.882	49.230
23.887	49.240
23.892	49.250
23.897	49.260
23.902	49.270
23.906	49.280
23.911	49.290
23.916	49.300
23.921	49.310
23.926	49.320
23.931	49.330
23.936	49.340
23.941	49.350
23.946	49.360
23.951	49.370
23.956	49.380
23.961	49.390
23.966	49.400
23.971	49.410
23.976	49.420
23.981	49.430
23.986	49.440
23.991	49.450
23.996	49.460
24.001	49.470
24.006	49.480
24.011	49.490
24.015	49.500
24.020	49.510
24.025	49.520
24.030	49.530
24.035	49.540
24.040	49.550
24.045	49.560
24.050	49.570
24.055	49.580
24.060	49.590
24.065	49.600
24.070	49.610
24.075	49.620
24.080	49.630
24.085	49.640
24.090	49.650
24.095	49.660
24.100	49.670
24.105	49.680
24.110	49.690
24.114	49.700
24.119	49.710
24.124	49.720
24.129	49.730
24.134	49.740
24.139	49.750
24.144	49.760
24.149	49.770
24.154	49.780
24.159	49.790
24.164	49.800
24.169	49.810
24.174	49.820
24.179	49.830
24.184	49.840
24.189	49.850
24.194	49.860
24.199	49.870
24.204	49.880
24.209	49.890
24.214	49.900
24.219	49.910
24.223	49.920
24.228	49.930
24.233	49.940
24.238	49.950
24.243	49.960
24.248	49.970
24.253	49.980
24.258	49.990
24.263	50.000
24.268	50.010
24.273	50.020
24.278	50.030
24.283	50.040
24.288	50.050
24.292	50.060
24.297	50.070
24.302	50.080
24.307	50.090
24.312	50.100
24.317	50.110
24.322	50.120
24.327	50.130
24.332	50.140
24.336	50.150
24.341	50.160
24.346	50.170
24.351	50.180
24.356	50.190
24.361	50.200
24.366	50.210
24.371	50.220
24.376	50.230
24.381	50.240
24.386	50.250
24.391	50.260
24.396	50.270
24.401	50.280
24.406	50.290
24.411	50.300
24.416	50.310
24.420	50.320
24.425	50.330
24.430	50.340
24.435	50.350
24.440	50.360
24.445	50.370
24.450	50.380
24.455	50.390
24.460	50.400
24.465	50.410
24.470	50.420
24.475	50.430
24.479	50.440
24.484	50.450
24.489	50.460
24.494	50.470
24.499	50.480
24.504	50.490
24.508	50.500
24.513	50.510
24.518	50.520
24.523	50.530
24.528	50.540
24.533	50.550
24.538	50.560
24.542	50.570
24.547	50.580
24.552	50.590
24.557	50.600
24.562	50.610
24.567	50.620
24.572	50.630
24.577	50.640
24.582	50.650
24.587	50.660
24.592	50.670
24.597	50.680
24.601	50.690
24.606	50.700
24.611	50.710
24.616	50.720
24.621	50.730
24.626	50.740
24.631	50.750
24.636	50.760
24.641	50.770
24.646	50.780
24.651	50.790
24.656	50.800
24.661	50.810
24.666	50.820
24.671	50.830
24.676	50.840
24.681	50.850
24.686	50.860
24.690	50.870
24.695	50.880
24.700	50.890
24.705	50.900
24.710	50.910
24.715	50.920
24.720	50.930
24.725	50.940
24.730	50.950
24.734	50.960
24.739	50.970
24.744	50.980
24.749	50.990
24.754	51.000
24.759	51.010
24.764	51.020
24.769	51.030
24.773	51.040
24.778	51.050
24.783	51.060
24.788	51.070
24.793	51.080
24.798	51.090
24.802	51.100
24.807	51.110
24.812	51.120
24.817	51.130
24.822	51.140
24.827	51.150
24.832	51.160
24.836	51.170
24.841	51.180
24.846	51.190
24.851	51.200
24.856	51.210
24.861	51.220
24.866	51.230
24.871	51.240
24.875	51.250
24.880	51.260
24.885	51.270
24.890	51.280
24.895	51.290
24.900	51.300
24.905	51.310
24.910	51.320
24.915	51.330
24.920	51.340
24.924	51.350
24.929	51.360
24.934	51.370
24.939	51.380
24.944	51.390
24.949	51.400
24.954	51.410
24.959	51.420
24.964	51.430
24.969	51.440
24.973	51.450
24.978	51.460
24.983	51.470
24.988	51.480
24.993	51.490
24.998	51.500
25.003	51.510
25.008	51.520
25.013	51.530
25.018	51.540
25.022	51.550
25.027	51.560
25.032	51.570
25.037	51.580
25.042	51.590
25.047	51.600
25.052	51.610
25.057	51.620
25.062	51.630
25.067	51.640
25.071	51.650
25.076	51.660
25.081	51.670
25.086	51.680
25.091	51.690
25.096	51.700
25.101	51.710
25.106	51.720
25.111	51.730
25.115	51.740
25.120	51.750
25.125	51.760
25.130	51.770
25.135	51.780
25.140	51.790
25.145	51.800
25.150	51.810
25.155	51.820
25.160	51.830
25.165	51.840
25.170	51.850
25.175	51.860
25.180	51.870
25.185	51.880
25.190	51.890
25.195	51.900
25.200	51.910
25.205	51.920
25.210	51.930
25.215	51.940
25.220	51.950
25.225	51.960
25.230	51.970
25.235	51.980
25.240	51.990
25.245	52.000
25.250	52.010
25.255	52.020
25.260	52.030
25.265	52.040
25.270	52.050
25.275	52.060
25.280	52.070
25.285	52.080
25.290	52.090
25.295	52.100
25.300	52.110
25.305	52.120
25.310	52.130
25.315	52.140
25.320	52.150
25.325	52.160
25.330	52.170
25.335	52.180
25.340	52.190
25.345	52.200
25.350	52.210
25.355	52.220
25.360	52.230
25.365	52.240
25.369	52.250
25.374	52.260
25.379	52.270
25.384	52.280
25.389	52.290
25.394	52.300
25.398	52.310
25.403	52.320
25.408	52.330
25.413	52.340
25.418	52.350
25.423	52.360
25.427	52.370
25.432	52.380
25.437	52.390
25.442	52.400
25.447	52.410
25.452	52.420
25.457	52.430
25.462	52.440
25.467	52.450
25.472	52.460
25.477	52.470
25.481	52.480
25.486	52.490
25.491	52.500
25.496	52.510
25.501	52.520
25.506	52.530
25.511	52.540
25.516	52.550
25.521	52.560
25.526	52.570
25.531	52.580
25.536	52.590
25.541	52.600
25.546	52.610
25.551	52.620
25.556	52.630
25.561	52.640
25.566	52.650
25.571	52.660
25.576	52.670
25.581	52.680
25.586	52.690
25.591	52.700
25.596	52.710
25.600	52.720
25.605	52.730
25.610	52.740
25.615	52.750
25.620	52.760
25.625	52.770
25.630	52.780
25.635	52.790
25.640	52.800
25.645	52.810
25.650	52.820
25.655	52.830
25.660	52.840
25.665	52.850
25.669	52.860
25.674	52.870
25.679	52.880
25.684	52.890
25.689	52.900
25.694	52.910
25.699	52.920
25.704	52.930
25.709	52.940
25.714	52.950
25.718	52.960
25.723	52.970
25.728	52.980
25.733	52.990
25.738	53.000
25.743	53.010
25.748	53.020
25.753	53.030
25.758	53.040
25.762	53.050
25.767	53.060
25.772	53.070
25.777	53.080
25.782	53.090
25.787	53.100
25.792	53.110
25.797	53.120
25.802	53.130
25.807	53.140
25.811	53.150
25.816	53.160
25.821	53.170
25.826	53.180
25.831	53.190
25.836	53.200
25.841	53.210
25.846	53.220
25.851	53.230
25.856	53.240
25.861	53.250
25.866	53.260
25.871	53.270
25.876	53.280
25.881	53.290
25.885	53.300
25.890	53.310
25.895	53.320
25.900	53.330
25.905	53.340
25.910	53.350
25.915	53.360
25.920	53.370
25.925	53.380
25.930	53.390
25.935	53.400
25.940	53.410
25.945	53.420
25.950	53.430
25.955	53.440
25.960	53.450
25.965	53.460
25.969	53.470
25.974	53.480
25.979	53.490
25.984	53.500
25.989	53.510
25.994	53.520
25.999	53.530
26.004	53.540
26.009	53.550
26.013	53.560
26.018	53.570
26.023	53.580
26.028	53.590
26.033	53.600
26.038	53.610
26.043	53.620
26.048	53.630
26.052	53.640
26.057	53.650
26.062	53.660
26.067	53.670
26.072	53.680
26.077	53.690
26.082	53.700
26.086	53.710
26.091	53.720
26.096	53.730
26.101	53.740
26.106	53.750
26.111	53.760
26.115	53.770
26.120	53.780
26.125	53.790
26.130	53.800
26.135	53.810
26.140	53.820
26.145	53.830
26.149	53.840
26.154	53.850
26.159	53.860
26.164	53.870
26.169	53.880
26.174	53.890
26.178	53.900
26.183	53.910
26.188	53.920
26.193	53.930
26.198	53.940
26.203	53.950
26.208	53.960
26.212	53.970
26.217	53.980
26.222	53.990
26.227	54.000
26.232	54.010
26.237	54.020
26.242	54.030
26.247	54.040
26.251	54.050
26.256	54.060
26.261	54.070
26.266	54.080
26.271	54.090
26.276	54.100
26.281	54.110
26.286	54.120
26.291	54.130
26.296	54.140
26.300	54.150
26.305	54.160
26.310	54.170
26.315	54.180
26.320	54.190
26.325	54.200
26.330	54.210
26.335	54.220
26.340	54.230
26.345	54.240
26.349	54.250
26.354	54.260
26.359	54.270
26.364	54.280
26.369	54.290
26.374	54.300
26.379	54.310
26.384	54.320
26.389	54.330
26.394	54.340
26.398	54.350
26.403	54.360
26.408	54.370
26.413	54.380
26.418	54.390
26.423	54.400
26.428	54.410
26.433	54.420
26.438	54.430
26.443	54.440
26.448	54.450
26.453	54.460
26.458	54.470
26.462	54.480
26.467	54.490
26.472	54.500
26.477	54.510
26.482	54.520
26.487	54.530
26.492	54.540
26.497	54.550
26.502	54.560
26.507	54.570
26.512	54.580
26.517	54.590
26.522	54.600
26.527	54.610
26.532	54.620
26.537	54.630
26.542	54.640
26.547	54.650
26.552	54.660
26.557	54.670
26.562	54.680
26.567	54.690
26.572	54.700
26.577	54.710
26.582	54.720
26.587	54.730
26.592	54.740
26.597	54.750
26.602	54.760
26.607	54.770
26.612	54.780
26.617	54.790
26.622	54.800
26.627	54.810
26.632	54.820
26.637	54.830
26.642	54.840
26.647	54.850
26.652	54.860
26.657	54.870
26.663	54.880
26.668	54.890
26.673	54.900
26.678	54.910
26.683	54.920
26.688	54.930
26.693	54.940
26.698	54.950
26.703	54.960
26.708	54.970
26.713	54.980
26.718	54.990
26.723	55.000
26.728	55.010
26.733	55.020
26.738	55.030
26.743	55.040
26.748	55.050
26.752	55.060
26.757	55.070
26.762	55.080
26.767	55.090
26.772	55.100
26.777	55.110
26.781	55.120
26.786	55.130
26.791	55.140
26.796	55.150
26.801	55.160
26.805	55.170
26.810	55.180
26.815	55.190
26.820	55.200
26.825	55.210
26.830	55.220
26.835	55.230
26.839	55.240
26.844	55.250
26.849	55.260
26.854	55.270
26.859	55.280
26.864	55.290
26.868	55.300
26.873	55.310
26.878	55.320
26.883	55.330
26.888	55.340
26.893	55.350
26.898	55.360
26.902	55.370
26.907	55.380
26.912	55.390
26.917	55.400
26.922	55.410
26.927	55.420
26.932	55.430
26.936	55.440
26.941	55.450
26.946	55.460
26.951	55.470
26.956	55.480
26.961	55.490
26.965	55.500
26.970	55.510
26.975	55.520
26.980	55.530
26.985	55.540
26.990	55.550
26.994	55.560
26.999	55.570
27.004	55.580
27.009	55.590
27.014	55.600
27.019	55.610
27.024	55.620
27.029	55.630
27.034	55.640
27.039	55.650
27.044	55.660
27.049	55.670
27.053	55.680
27.058	55.690
27.063	55.700
27.068	55.710
27.073	55.720
27.078	55.730
27.083	55.740
27.088	55.750
27.093	55.760
27.098	55.770
27.103	55.780
27.108	55.790
27.113	55.800
27.118	55.810
27.123	55.820
27.128	55.830
27.133	55.840
27.138	55.850
27.143	55.860
27.148	55.870
27.153	55.880
27.157	55.890
27.162	55.900
27.167	55.910
27.172	55.920
27.177	55.930
27.182	55.940
27.187	55.950
27.192	55.960
27.197	55.970
27.202	55.980
27.207	55.990
27.212	56.000
27.217	56.010
27.222	56.020
27.227	56.030
27.232	56.040
27.237	56.050
27.242	56.060
27.247	56.070
27.252	56.080
27.257	56.090
27.262	56.100
27.267	56.110
27.272	56.120
27.277	56.130
27.282	56.140
27.287	56.150
27.292	56.160
27.297	56.170
27.302	56.180
27.307	56.190
27.312	56.200
27.317	56.210
27.322	56.220
27.327	56.230
27.332	56.240
27.337	56.250
27.342	56.260
27.347	56.270
27.353	56.280
27.358	56.290
27.363	56.300
27.368	56.310
27.373	56.320
27.378	56.330
27.383	56.340
27.388	56.350
27.393	56.360
27.398	56.370
27.403	56.380
27.408	56.390
27.413	56.400
27.418	56.410
27.423	56.420
27.428	56.430
27.433	56.440
27.438	56.450
27.442	56.460
27.447	56.470
27.452	56.480
27.457	56.490
27.462	56.500
27.467	56.510
27.471	56.520
27.476	56.530
27.481	56.540
27.486	56.550
27.491	56.560
27.495	56.570
27.500	56.580
27.505	56.590
27.510	56.600
27.515	56.610
27.520	56.620
27.525	56.630
27.529	56.640
27.534	56.650
27.539	56.660
27.544	56.670
27.549	56.680
27.554	56.690
27.558	56.700
27.563	56.710
27.568	56.720
27.573	56.730
27.578	56.740
27.583	56.750
27.588	56.760
27.592	56.770
27.597	56.780
27.602	56.790
27.607	56.800
27.612	56.810
27.617	56.820
27.622	56.830
27.626	56.840
27.631	56.850
27.636	56.860
27.641	56.870
27.646	56.880
27.651	56.890
27.655	56.900
27.660	56.910
27.665	56.920
27.670	56.930
27.675	56.940
27.680	56.950
27.685	56.960
27.689	56.970
27.694	56.980
27.699	56.990
27.704	57.000
27.709	57.010
27.714	57.020
27.719	57.030
27.724	57.040
27.728	57.050
27.733	57.060
27.738	57.070
27.743	57.080
27.748	57.090
27.753	57.100
27.758	57.110
27.763	57.120
27.768	57.130
27.772	57.140
27.777	57.150
27.782	57.160
27.787	57.170
27.792	57.180
27.797	57.190
27.802	57.200
27.807	57.210
27.812	57.220
27.817	57.230
27.822	57.240
27.827	57.250
27.832	57.260
27.837	57.270
27.841	57.280
27.846	57.290
27.851	57.300
27.856	57.310
27.861	57.320
27.866	57.330
27.871	57.340
27.876	57.350
27.881	57.360
27.886	57.370
27.891	57.380
27.896	57.390
27.901	57.400
27.906	57.410
27.911	57.420
27.916	57.430
27.921	57.440
27.926	57.450
27.931	57.460
27.936	57.470
27.941	57.480
27.946	57.490
27.951	57.500
27.956	57.510
27.961	57.520
27.966	57.530
27.971	57.540
27.976	57.550
27.981	57.560
27.986	57.570
27.991	57.580
27.996	57.590
28.001	57.600
28.006	57.610
28.011	57.620
28.016	57.630
28.021	57.640
28.026	57.650
28.031	57.660
28.036	57.670
28.041	57.680
28.046	57.690
28.051	57.700
28.056	57.710
28.061	57.720
28.066	57.730
28.071	57.740
28.076	57.750
28.081	57.760
28.086	57.770
28.091	57.780
28.096	57.790
28.101	57.800
28.106	57.810
28.111	57.820
28.116	57.830
28.121	57.840
28.126	57.850
28.131	57.860
28.136	57.870
28.142	57.880
28.147	57.890
28.152	57.900
28.157	57.910
28.162	57.920
28.167	57.930
28.172	57.940
28.177	57.950
28.182	57.960
28.187	57.970
28.192	57.980
28.197	57.990
28.202	58.000
28.207	58.010
28.212	58.020
28.217	58.030
28.222	58.040
28.227	58.050
28.231	58.060
28.236	58.070
28.241	58.080
28.246	58.090
28.251	58.100
28.256	58.110
28.260	58.120
28.265	58.130
28.270	58.140
28.275	58.150
28.280	58.160
28.284	58.170
28.289	58.180
28.294	58.190
28.299	58.200
28.304	58.210
28.309	58.220
28.314	58.230
28.319	58.240
28.323	58.250
28.328	58.260
28.333	58.270
28.338	58.280
28.343	58.290
28.348	58.300
28.353	58.310
28.358	58.320
28.363	58.330
28.368	58.340
28.372	58.350
28.377	58.360
28.382	58.370
28.387	58.380
28.392	58.390
28.397	58.400
28.402	58.410
28.407	58.420
28.412	58.430
28.417	58.440
28.421	58.450
28.426	58.460
28.431	58.470
28.436	58.480
28.441	58.490
28.446	58.500
28.451	58.510
28.456	58.520
28.461	58.530
28.465	58.540
28.470	58.550
28.475	58.560
28.480	58.570
28.485	58.580
28.490	58.590
28.495	58.600
28.500	58.610
28.505	58.620
28.510	58.630
28.515	58.640
28.520	58.650
28.525	58.660
28.530	58.670
28.535	58.680
28.540	58.690
28.545	58.700
28.550	58.710
28.555	58.720
28.560	58.730
28.565	58.740
28.570	58.750
28.575	58.760
28.580	58.770
28.585	58.780
28.590	58.790
28.595	58.800
28.600	58.810
28.605	58.820
28.610	58.830
28.615	58.840
28.620	58.850
28.625	58.860
28.630	58.870
28.635	58.880
28.640	58.890
28.645	58.900
28.650	58.910
28.655	58.920
28.660	58.930
28.665	58.940
28.670	58.950
28.675	58.960
28.680	58.970
28.685	58.980
28.690	58.990
28.695	59.000
28.700	59.010
28.705	59.020
28.710	59.030
28.715	59.040
28.720	59.050
28.725	59.060
28.730	59.070
28.735	59.080
28.740	59.090
28.745	59.100
28.750	59.110
28.755	59.120
28.759	59.130
28.764	59.140
28.769	59.150
28.774	59.160
28.779	59.170
28.784	59.180
28.789	59.190
28.794	59.200
28.799	59.210
28.804	59.220
28.809	59.230
28.814	59.240
28.819	59.250
28.823	59.260
28.828	59.270
28.833	59.280
28.838	59.290
28.843	59.300
28.848	59.310
28.853	59.320
28.858	59.330
28.862	59.340
28.867	59.350
28.872	59.360
28.877	59.370
28.882	59.380
28.887	59.390
28.892	59.400
28.897	59.410
28.902	59.420
28.907	59.430
28.912	59.440
28.917	59.450
28.922	59.460
28.927	59.470
28.932	59.480
28.937	59.490
28.942	59.500
28.947	59.510
28.952	59.520
28.957	59.530
28.962	59.540
28.967	59.550
28.972	59.560
28.977	59.570
28.982	59.580
28.987	59.590
28.992	59.600
28.997	59.610
29.002	59.620
29.007	59.630
29.012	59.640
29.017	59.650
29.022	59.660
29.027	59.670
29.032	59.680
29.037	59.690
29.042	59.700
29.047	59.710
29.052	59.720
29.056	59.730
29.061	59.740
29.066	59.750
29.071	59.760
29.076	59.770
29.081	59.780
29.086	59.790
29.091	59.800
29.096	59.810
29.101	59.820
29.106	59.830
29.111	59.840
29.116	59.850
29.120	59.860
29.125	59.870
29.130	59.880
29.135	59.890
29.140	59.900
29.145	59.910
29.150	59.920
29.155	59.930
29.160	59.940
29.164	59.950
29.169	59.960
29.174	59.970
29.179	59.980
29.184	59.990
29.189	60.000
29.194	60.010
29.199	60.020
29.204	60.030
29.209	60.040
29.214	60.050
29.219	60.060
29.224	60.070
29.229	60.080
29.234	60.090
29.239	60.100
29.244	60.110
29.248	60.120
29.253	60.130
29.258	60.140
29.263	60.150
29.268	60.160
29.273	60.170
29.278	60.180
29.283	60.190
29.288	60.200
29.293	60.210
29.298	60.220
29.303	60.230
29.308	60.240
29.312	60.250
29.317	60.260
29.322	60.270
29.327	60.280
29.332	60.290
29.337	60.300
29.341	60.310
29.346	60.320
29.351	60.330
29.356	60.340
29.361	60.350
29.366	60.360
29.370	60.370
29.375	60.380
29.380	60.390
29.385	60.400
29.390	60.410
29.395	60.420
29.400	60.430
29.404	60.440
29.409	60.450
29.414	60.460
29.419	60.470
29.424	60.480
29.429	60.490
29.433	60.500
29.438	60.510
29.443	60.520
29.448	60.530
29.453	60.540
29.458	60.550
29.463	60.560
29.467	60.570
29.472	60.580
29.477	60.590
29.482	60.600
29.487	60.610
29.492	60.620
29.497	60.630
29.501	60.640
29.506	60.650
29.511	60.660
29.516	60.670
29.521	60.680
29.526	60.690
29.530	60.700
29.535	60.710
29.540	60.720
29.545	60.730
29.550	60.740
29.555	60.750
29.559	60.760
29.564	60.770
29.569	60.780
29.574	60.790
29.579	60.800
29.584	60.810
29.589	60.820
29.594	60.830
29.599	60.840
29.604	60.850
29.609	60.860
29.614	60.870
29.618	60.880
29.623	60.890
29.628	60.900
29.633	60.910
29.638	60.920
29.643	60.930
29.648	60.940
29.653	60.950
29.658	60.960
29.663	60.970
29.668	60.980
29.673	60.990
29.678	61.000
29.683	61.010
29.688	61.020
29.693	61.030
29.698	61.040
29.703	61.050
29.708	61.060
29.713	61.070
29.718	61.080
29.722	61.090
29.727	61.100
29.732	61.110
29.737	61.120
29.742	61.130
29.747	61.140
29.752	61.150
29.757	61.160
29.762	61.170
29.767	61.180
29.772	61.190
29.777	61.200
29.782	61.210
29.787	61.220
29.792	61.230
29.797	61.240
29.802	61.250
29.807	61.260
29.812	61.270
29.817	61.280
29.822	61.290
29.827	61.300
29.832	61.310
29.837	61.320
29.842	61.330
29.847	61.340
29.852	61.350
29.857	61.360
29.862	61.370
29.867	61.380
29.872	61.390
29.877	61.400
29.882	61.410
29.887	61.420
29.892	61.430
29.897	61.440
29.902	61.450
29.907	61.460
29.912	61.470
29.917	61.480
29.922	61.490
29.927	61.500
29.933	61.510
29.938	61.520
29.943	61.530
29.948	61.540
29.953	61.550
29.958	61.560
29.963	61.570
29.968	61.580
29.973	61.590
29.978	61.600
29.983	61.610
29.988	61.620
29.993	61.630
29.998	61.640
30.003	61.650
30.008	61.660
30.013	61.670
30.018	61.680
30.023	61.690
30.028	61.700
30.033	61.710
30.038	61.720
30.043	61.730
30.048	61.740
30.053	61.750
30.058	61.760
30.063	61.770
30.068	61.780
30.073	61.790
30.078	61.800
30.083	61.810
30.088	61.820
30.093	61.830
30.097	61.840
30.102	61.850
30.107	61.860
30.112	61.870
30.117	61.880
30.121	61.890
30.126	61.900
30.131	61.910
30.136	61.920
30.140	61.930
30.145	61.940
30.150	61.950
30.155	61.960
30.160	61.970
30.164	61.980
30.169	61.990
30.174	62.000
30.179	62.010
30.184	62.020
30.188	62.030
30.193	62.040
30.198	62.050
30.203	62.060
30.208	62.070
30.213	62.080
30.218	62.090
30.222	62.100
30.227	62.110
30.232	62.120
30.237	62.130
30.242	62.140
30.247	62.150
30.252	62.160
30.256	62.170
30.261	62.180
30.266	62.190
30.271	62.200
30.276	62.210
30.281	62.220
30.286	62.230
30.291	62.240
30.295	62.250
30.300	62.260
30.305	62.270
30.310	62.280
30.315	62.290
30.320	62.300
30.325	62.310
30.330	62.320
30.335	62.330
30.339	62.340
30.344	62.350
30.349	62.360
30.354	62.370
30.359	62.380
30.364	62.390
30.369	62.400
30.374	62.410
30.379	62.420
30.384	62.430
30.389	62.440
30.394	62.450
30.399	62.460
30.404	62.470
30.409	62.480
30.413	62.490
30.418	62.500
30.423	62.510
30.428	62.520
30.433	62.530
30.438	62.540
30.443	62.550
30.448	62.560
30.453	62.570
30.458	62.580
30.463	62.590
30.468	62.600
30.473	62.610
30.478	62.620
30.483	62.630
30.488	62.640
30.493	62.650
30.498	62.660
30.503	62.670
30.508	62.680
30.512	62.690
30.517	62.700
30.522	62.710
30.527	62.720
30.532	62.730
30.537	62.740
30.542	62.750
30.547	62.760
30.552	62.770
30.557	62.780
30.562	62.790
30.567	62.800
30.572	62.810
30.577	62.820
30.582	62.830
30.587	62.840
30.592	62.850
30.597	62.860
30.602	62.870
30.607	62.880
30.612	62.890
30.617	62.900
30.622	62.910
30.627	62.920
30.632	62.930
30.637	62.940
30.642	62.950
30.647	62.960
30.652	62.970
30.657	62.980
30.662	62.990
30.667	63.000
30.672	63.010
30.677	63.020
30.682	63.030
30.687	63.040
30.692	63.050
30.697	63.060
30.702	63.070
30.707	63.080
30.712	63.090
30.717	63.100
30.722	63.110
30.728	63.120
30.733	63.130
30.738	63.140
30.743	63.150
30.748	63.160
30.753	63.170
30.758	63.180
30.763	63.190
30.768	63.200
30.773	63.210
30.778	63.220
30.783	63.230
30.788	63.240
30.793	63.250
30.798	63.260
30.804	63.270
30.809	63.280
30.814	63.290
30.819	63.300
30.824	63.310
30.829	63.320
30.834	63.330
30.839	63.340
30.844	63.350
30.849	63.360
30.854	63.370
30.859	63.380
30.864	63.390
30.869	63.400
30.874	63.410
30.879	63.420
30.884	63.430
30.889	63.440
30.894	63.450
30.898	63.460
30.903	63.470
30.908	63.480
30.913	63.490
30.918	63.500
30.923	63.510
30.927	63.520
30.932	63.530
30.937	63.540
30.942	63.550
30.947	63.560
30.951	63.570
30.956	63.580
30.961	63.590
30.966	63.600
30.971	63.610
30.976	63.620
30.981	63.630
30.986	63.640
30.990	63.650
30.995	63.660
31.000	63.670
31.005	63.680
31.010	63.690
31.015	63.700
31.020	63.710
31.025	63.720
31.030	63.730
31.035	63.740
31.039	63.750
31.044	63.760
31.049	63.770
31.054	63.780
31.059	63.790
31.064	63.800
31.069	63.810
31.074	63.820
31.079	63.830
31.084	63.840
31.088	63.850
31.093	63.860
31.098	63.870
31.103	63.880
31.108	63.890
31.113	63.900
31.118	63.910
31.123	63.920
31.128	63.930
31.133	63.940
31.137	63.950
31.142	63.960
31.147	63.970
31.152	63.980
31.157	63.990
31.162	64.000
31.167	64.010
31.172	64.020
31.177	64.030
31.182	64.040
31.187	64.050
31.192	64.060
31.197	64.070
31.201	64.080
31.206	64.090
31.211	64.100
31.216	64.110
31.221	64.120
31.226	64.130
31.231	64.140
31.236	64.150
31.241	64.160
31.246	64.170
31.251	64.180
31.256	64.190
31.261	64.200
31.266	64.210
31.271	64.220
31.276	64.230
31.281	64.240
31.286	64.250
31.291	64.260
31.296	64.270
31.301	64.280
31.306	64.290
31.311	64.300
31.316	64.310
31.321	64.320
31.326	64.330
31.331	64.340
31.336	64.350
31.341	64.360
31.346	64.370
31.351	64.380
31.356	64.390
31.361	64.400
31.366	64.410
31.371	64.420
31.376	64.430
31.381	64.440
31.386	64.450
31.391	64.460
31.396	64.470
31.401	64.480
31.406	64.490
31.412	64.500
31.417	64.510
31.422	64.520
31.427	64.530
31.432	64.540
31.437	64.550
31.442	64.560
31.447	64.570
31.452	64.580
31.457	64.590
31.462	64.600
31.467	64.610
31.472	64.620
31.477	64.630
31.482	64.640
31.487	64.650
31.492	64.660
31.497	64.670
31.502	64.680
31.507	64.690
31.512	64.700
31.517	64.710
31.522	64.720
31.527	64.730
31.532	64.740
31.536	64.750
31.541	64.760
31.546	64.770
31.551	64.780
31.556	64.790
31.561	64.800
31.566	64.810
31.571	64.820
31.576	64.830
31.581	64.840
31.585	64.850
31.590	64.860
31.595	64.870
31.600	64.880
31.605	64.890
31.610	64.900
31.614	64.910
31.619	64.920
31.624	64.930
31.629	64.940
31.634	64.950
31.639	64.960
31.643	64.970
31.648	64.980
31.653	64.990
31.658	65.000
31.663	65.010
31.668	65.020
31.673	65.030
31.678	65.040
31.682	65.050
31.687	65.060
31.692	65.070
31.697	65.080
31.702	65.090
31.707	65.100
31.712	65.110
31.717	65.120
31.722	65.130
31.726	65.140
31.731	65.150
31.736	65.160
31.741	65.170
31.746	65.180
31.751	65.190
31.756	65.200
31.761	65.210
31.766	65.220
31.771	65.230
31.776	65.240
31.781	65.250
31.786	65.260
31.791	65.270
31.795	65.280
31.800	65.290
31.805	65.300
31.810	65.310
31.815	65.320
31.820	65.330
31.825	65.340
31.830	65.350
31.835	65.360
31.840	65.370
31.845	65.380
31.850	65.390
31.855	65.400
31.860	65.410
31.865	65.420
31.870	65.430
31.875	65.440
31.880	65.450
31.885	65.460
31.890	65.470
31.895	65.480
31.900	65.490
31.905	65.500
31.910	65.510
31.915	65.520
31.920	65.530
31.925	65.540
31.930	65.550
31.935	65.560
31.940	65.570
31.945	65.580
31.950	65.590
31.955	65.600
31.960	65.610
31.965	65.620
31.970	65.630
31.975	65.640
31.980	65.650
31.985	65.660
31.990	65.670
31.995	65.680
32.000	65.690
32.005	65.700
32.011	65.710
32.016	65.720
32.021	65.730
32.026	65.740
32.031	65.750
32.036	65.760
32.041	65.770
32.046	65.780
32.051	65.790
32.056	65.800
32.061	65.810
32.066	65.820
32.071	65.830
32.076	65.840
32.081	65.850
32.086	65.860
32.091	65.870
32.096	65.880
32.101	65.890
32.106	65.900
32.111	65.910
32.116	65.920
32.121	65.930
32.126	65.940
32.131	65.950
32.136	65.960
32.141	65.970
32.146	65.980
32.151	65.990
32.156	66.000
32.161	66.010
32.166	66.020
32.171	66.030
32.176	66.040
32.180	66.050
32.185	66.060
32.190	66.070
32.195	66.080
32.200	66.090
32.205	66.100
32.210	66.110
32.214	66.120
32.219	66.130
32.224	66.140
32.229	66.150
32.234	66.160
32.238	66.170
32.243	66.180
32.248	66.190
32.253	66.200
32.258	66.210
32.263	66.220
32.268	66.230
32.272	66.240
32.277	66.250
32.282	66.260
32.287	66.270
32.292	66.280
32.297	66.290
32.301	66.300
32.306	66.310
32.311	66.320
32.316	66.330
32.321	66.340
32.326	66.350
32.330	66.360
32.335	66.370
32.340	66.380
32.345	66.390
32.350	66.400
32.355	66.410
32.360	66.420
32.365	66.430
32.370	66.440
32.375	66.450
32.380	66.460
32.385	66.470
32.389	66.480
32.394	66.490
32.399	66.500
32.404	66.510
32.409	66.520
32.414	66.530
32.419	66.540
32.424	66.550
32.429	66.560
32.434	66.570
32.439	66.580
32.444	66.590
32.449	66.600
32.454	66.610
32.459	66.620
32.464	66.630
32.469	66.640
32.474	66.650
32.479	66.660
32.484	66.670
32.489	66.680
32.493	66.690
32.498	66.700
32.503	66.710
32.508	66.720
32.513	66.730
32.518	66.740
32.523	66.750
32.528	66.760
32.533	66.770
32.538	66.780
32.543	66.790
32.548	66.800
32.553	66.810
32.558	66.820
32.563	66.830
32.568	66.840
32.573	66.850
32.578	66.860
32.583	66.870
32.588	66.880
32.593	66.890
32.598	66.900
32.603	66.910
32.609	66.920
32.614	66.930
32.619	66.940
32.624	66.950
32.629	66.960
32.634	66.970
32.639	66.980
32.644	66.990
32.649	67.000
32.654	67.010
32.659	67.020
32.664	67.030
32.669	67.040
32.674	67.050
32.679	67.060
32.685	67.070
32.690	67.080
32.695	67.090
32.700	67.100
32.705	67.110
32.710	67.120
32.715	67.130
32.720	67.140
32.725	67.150
32.730	67.160
32.735	67.170
32.740	67.180
32.745	67.190
32.750	67.200
32.755	67.210
32.760	67.220
32.765	67.230
32.770	67.240
32.775	67.250
32.779	67.260
32.784	67.270
32.789	67.280
32.794	67.290
32.799	67.300
32.804	67.310
32.809	67.320
32.813	67.330
32.818	67.340
32.823	67.350
32.828	67.360
32.833	67.370
32.837	67.380
32.842	67.390
32.847	67.400
32.852	67.410
32.857	67.420
32.861	67.430
32.866	67.440
32.871	67.450
32.876	67.460
32.880	67.470
32.885	67.480
32.890	67.490
32.895	67.500
32.899	67.510
32.904	67.520
32.909	67.530
32.913	67.540
32.918	67.550
32.923	67.560
32.928	67.570
32.932	67.580
32.937	67.590
32.942	67.600
32.947	67.610
32.952	67.620
32.956	67.630
32.961	67.640
32.966	67.650
32.971	67.660
32.975	67.670
32.980	67.680
32.985	67.690
32.990	67.700
32.995	67.710
32.999	67.720
33.004	67.730
33.009	67.740
33.014	67.750
33.019	67.760
33.024	67.770
33.028	67.780
33.033	67.790
33.038	67.800
33.043	67.810
33.048	67.820
33.052	67.830
33.057	67.840
33.062	67.850
33.067	67.860
33.072	67.870
33.077	67.880
33.082	67.890
33.086	67.900
33.091	67.910
33.096	67.920
33.101	67.930
33.106	67.940
33.111	67.950
33.116	67.960
33.120	67.970
33.125	67.980
33.130	67.990
33.135	68.000
33.140	68.010
33.145	68.020
33.150	68.030
33.155	68.040
33.159	68.050
33.164	68.060
33.169	68.070
33.174	68.080
33.179	68.090
33.184	68.100
33.189	68.110
33.194	68.120
33.199	68.130
33.203	68.140
33.208	68.150
33.213	68.160
33.218	68.170
33.223	68.180
33.228	68.190
33.233	68.200
33.238	68.210
33.243	68.220
33.248	68.230
33.253	68.240
33.258	68.250
33.263	68.260
33.268	68.270
33.272	68.280
33.277	68.290
33.282	68.300
33.287	68.310
33.292	68.320
33.297	68.330
33.302	68.340
33.307	68.350
33.312	68.360
33.317	68.370
33.322	68.380
33.327	68.390
33.332	68.400
33.337	68.410
33.342	68.420
33.347	68.430
33.352	68.440
33.357	68.450
33.362	68.460
33.367	68.470
33.372	68.480
33.377	68.490
33.382	68.500
33.387	68.510
33.392	68.520
33.397	68.530
33.402	68.540
33.407	68.550
33.412	68.560
33.417	68.570
33.422	68.580
33.427	68.590
33.432	68.600
33.437	68.610
33.442	68.620
33.447	68.630
33.452	68.640
33.457	68.650
33.462	68.660
33.467	68.670
33.472	68.680
33.477	68.690
33.482	68.700
33.487	68.710
33.493	68.720
33.498	68.730
33.503	68.740
33.508	68.750
33.513	68.760
33.518	68.770
33.523	68.780
33.528	68.790
33.533	68.800
33.538	68.810
33.543	68.820
33.548	68.830
33.553	68.840
33.558	68.850
33.563	68.860
33.568	68.870
33.573	68.880
33.578	68.890
33.583	68.900
33.588	68.910
33.593	68.920
33.599	68.930
33.604	68.940
33.609	68.950
33.614	68.960
33.619	68.970
33.624	68.980
33.629	68.990
33.634	69.000
33.639	69.010
33.644	69.020
33.649	69.030
33.654	69.040
33.660	69.050
33.665	69.060
33.670	69.070
33.675	69.080
33.680	69.090
33.685	69.100
33.690	69.110
33.696	69.120
33.701	69.130
33.706	69.140
33.711	69.150
33.716	69.160
33.721	69.170
33.727	69.180
33.732	69.190
33.737	69.200
33.742	69.210
33.747	69.220
33.753	69.230
33.758	69.240
33.763	69.250
33.768	69.260
33.774	69.270
33.779	69.280
33.784	69.290
33.790	69.300
33.795	69.310
33.800	69.320
33.805	69.330
33.810	69.340
33.816	69.350
33.821	69.360
33.826	69.370
33.831	69.380
33.836	69.390
33.841	69.400
33.846	69.410
33.851	69.420
33.856	69.430
33.861	69.440
33.865	69.450
33.870	69.460
33.875	69.470
33.880	69.480
33.884	69.490
33.889	69.500
33.894	69.510
33.898	69.520
33.903	69.530
33.908	69.540
33.913	69.550
33.917	69.560
33.922	69.570
33.927	69.580
33.931	69.590
33.936	69.600
33.941	69.610
33.945	69.620
33.950	69.630
33.955	69.640
33.960	69.650
33.964	69.660
33.969	69.670
33.974	69.680
33.978	69.690
33.983	69.700
33.988	69.710
33.992	69.720
33.997	69.730
34.002	69.740
34.006	69.750
34.011	69.760
34.016	69.770
34.021	69.780
34.025	69.790
34.030	69.800
34.035	69.810
34.040	69.820
34.044	69.830
34.049	69.840
34.054	69.850
34.059	69.860
34.063	69.870
34.068	69.880
34.073	69.890
34.078	69.900
34.083	69.910
34.087	69.920
34.092	69.930
34.097	69.940
34.102	69.950
34.107	69.960
34.112	69.970
34.116	69.980
34.121	69.990
34.126	70.000
34.131	70.010
34.136	70.020
34.140	70.030
34.145	70.040
34.150	70.050
34.155	70.060
34.160	70.070
34.165	70.080
34.170	70.090
34.174	70.100
34.179	70.110
34.184	70.120
34.189	70.130
34.194	70.140
34.199	70.150
34.204	70.160
34.208	70.170
34.213	70.180
34.218	70.190
34.223	70.200
34.228	70.210
34.233	70.220
34.238	70.230
34.242	70.240
34.247	70.250
34.252	70.260
34.257	70.270
34.262	70.280
34.267	70.290
34.271	70.300
34.276	70.310
34.281	70.320
34.286	70.330
34.291	70.340
34.296	70.350
34.300	70.360
34.305	70.370
34.310	70.380
34.315	70.390
34.320	70.400
34.325	70.410
34.330	70.420
34.335	70.430
34.340	70.440
34.345	70.450
34.350	70.460
34.355	70.470
34.359	70.480
34.364	70.490
34.369	70.500
34.374	70.510
34.379	70.520
34.384	70.530
34.389	70.540
34.394	70.550
34.399	70.560
34.404	70.570
34.409	70.580
34.414	70.590
34.419	70.600
34.424	70.610
34.429	70.620
34.434	70.630
34.439	70.640
34.444	70.650
34.449	70.660
34.454	70.670
34.459	70.680
34.463	70.690
34.468	70.700
34.473	70.710
34.478	70.720
34.483	70.730
34.488	70.740
34.493	70.750
34.498	70.760
34.503	70.770
34.508	70.780
34.513	70.790
34.518	70.800
34.523	70.810
34.528	70.820
34.533	70.830
34.538	70.840
34.543	70.850
34.548	70.860
34.553	70.870
34.558	70.880
34.563	70.890
34.568	70.900
34.573	70.910
34.579	70.920
34.584	70.930
34.589	70.940
34.594	70.950
34.599	70.960
34.604	70.970
34.609	70.980
34.614	70.990
34.619	71.000
34.624	71.010
34.629	71.020
34.634	71.030
34.639	71.040
34.644	71.050
34.649	71.060
34.654	71.070
34.659	71.080
34.664	71.090
34.669	71.100
34.674	71.110
34.679	71.120
34.685	71.130
34.690	71.140
34.695	71.150
34.700	71.160
34.705	71.170
34.710	71.180
34.715	71.190
34.720	71.200
34.725	71.210
34.730	71.220
34.735	71.230
34.740	71.240
34.746	71.250
34.751	71.260
34.756	71.270
34.761	71.280
34.766	71.290
34.771	71.300
34.777	71.310
34.782	71.320
34.787	71.330
34.792	71.340
34.797	71.350
34.802	71.360
34.808	71.370
34.813	71.380
34.818	71.390
34.823	71.400
34.828	71.410
34.833	71.420
34.838	71.430
34.844	71.440
34.849	71.450
34.854	71.460
34.859	71.470
34.864	71.480
34.869	71.490
34.874	71.500
34.880	71.510
34.885	71.520
34.890	71.530
34.895	71.540
34.900	71.550
34.905	71.560
34.910	71.570
34.916	71.580
34.921	71.590
34.926	71.600
34.931	71.610
34.936	71.620
34.942	71.630
34.947	71.640
34.952	71.650
34.958	71.660
34.963	71.670
34.968	71.680
34.974	71.690
34.979	71.700
34.984	71.710
34.990	71.720
34.995	71.730
35.000	71.740
35.005	71.750
35.011	71.760
35.016	71.770
35.021	71.780
35.026	71.790
35.031	71.800
35.036	71.810
35.041	71.820
35.046	71.830
35.051	71.840
35.055	71.850
35.060	71.860
35.065	71.870
35.070	71.880
35.074	71.890
35.079	71.900
35.084	71.910
35.088	71.920
35.093	71.930
35.098	71.940
35.102	71.950
35.107	71.960
35.112	71.970
35.117	71.980
35.121	71.990
35.126	72.000
35.131	72.010
35.135	72.020
35.140	72.030
35.145	72.040
35.150	72.050
35.154	72.060
35.159	72.070
35.164	72.080
35.169	72.090
35.173	72.100
35.178	72.110
35.183	72.120
35.188	72.130
35.192	72.140
35.197	72.150
35.202	72.160
35.207	72.170
35.211	72.180
35.216	72.190
35.221	72.200
35.226	72.210
35.231	72.220
35.235	72.230
35.240	72.240
35.245	72.250
35.250	72.260
35.254	72.270
35.259	72.280
35.264	72.290
35.269	72.300
35.274	72.310
35.278	72.320
35.283	72.330
35.288	72.340
35.293	72.350
35.298	72.360
35.303	72.370
35.307	72.380
35.312	72.390
35.317	72.400
35.322	72.410
35.327	72.420
35.331	72.430
35.336	72.440
35.341	72.450
35.346	72.460
35.351	72.470
35.356	72.480
35.361	72.490
35.365	72.500
35.370	72.510
35.375	72.520
35.380	72.530
35.385	72.540
35.390	72.550
35.395	72.560
35.399	72.570
35.404	72.580
35.409	72.590
35.414	72.600
35.419	72.610
35.424	72.620
35.429	72.630
35.434	72.640
35.438	72.650
35.443	72.660
35.448	72.670
35.453	72.680
35.458	72.690
35.463	72.700
35.468	72.710
35.473	72.720
35.478	72.730
35.482	72.740
35.487	72.750
35.492	72.760
35.497	72.770
35.502	72.780
35.507	72.790
35.512	72.800
35.517	72.810
35.522	72.820
35.527	72.830
35.532	72.840
35.537	72.850
35.542	72.860
35.547	72.870
35.551	72.880
35.556	72.890
35.561	72.900
35.566	72.910
35.571	72.920
35.576	72.930
35.581	72.940
35.586	72.950
35.591	72.960
35.596	72.970
35.601	72.980
35.606	72.990
35.611	73.000
35.616	73.010
35.621	73.020
35.626	73.030
35.631	73.040
35.636	73.050
35.641	73.060
35.646	73.070
35.651	73.080
35.656	73.090
35.661	73.100
35.666	73.110
35.671	73.120
35.676	73.130
35.681	73.140
35.686	73.150
35.691	73.160
35.696	73.170
35.701	73.180
35.706	73.190
35.711	73.200
35.716	73.210
35.721	73.220
35.726	73.230
35.731	73.240
35.736	73.250
35.741	73.260
35.746	73.270
35.751	73.280
35.756	73.290
35.761	73.300
35.766	73.310
35.771	73.320
35.777	73.330
35.782	73.340
35.787	73.350
35.792	73.360
35.797	73.370
35.802	73.380
35.807	73.390
35.812	73.400
35.817	73.410
35.822	73.420
35.827	73.430
35.832	73.440
35.837	73.450
35.842	73.460
35.848	73.470
35.853	73.480
35.858	73.490
35.863	73.500
35.868	73.510
35.873	73.520
35.878	73.530
35.883	73.540
35.888	73.550
35.893	73.560
35.899	73.570
35.904	73.580
35.909	73.590
35.914	73.600
35.919	73.610
35.924	73.620
35.929	73.630
35.935	73.640
35.940	73.650
35.945	73.660
35.950	73.670
35.955	73.680
35.961	73.690
35.966	73.700
35.971	73.710
35.976	73.720
35.982	73.730
35.987	73.740
35.992	73.750
35.997	73.760
36.002	73.770
36.008	73.780
36.013	73.790
36.018	73.800
36.023	73.810
36.028	73.820
36.034	73.830
36.039	73.840
36.044	73.850
36.049	73.860
36.055	73.870
36.060	73.880
36.065	73.890
36.070	73.900
36.076	73.910
36.081	73.920
36.086	73.930
36.091	73.940
36.096	73.950
36.102	73.960
36.107	73.970
36.112	73.980
36.117	73.990
36.122	74.000
36.127	74.010
36.132	74.020
36.137	74.030
36.142	74.040
36.147	74.050
36.152	74.060
36.157	74.070
36.162	74.080
36.167	74.090
36.172	74.100
36.177	74.110
36.182	74.120
36.187	74.130
36.192	74.140
36.196	74.150
36.201	74.160
36.206	74.170
36.211	74.180
36.216	74.190
36.221	74.200
36.226	74.210
36.231	74.220
36.236	74.230
36.241	74.240
36.246	74.250
36.250	74.260
36.255	74.270
36.260	74.280
36.265	74.290
36.270	74.300
36.275	74.310
36.280	74.320
36.285	74.330
36.290	74.340
36.295	74.350
36.299	74.360
36.304	74.370
36.309	74.380
36.314	74.390
36.319	74.400
36.324	74.410
36.329	74.420
36.334	74.430
36.339	74.440
36.343	74.450
36.348	74.460
36.353	74.470
36.358	74.480
36.363	74.490
36.368	74.500
36.373	74.510
36.378	74.520
36.383	74.530
36.388	74.540
36.392	74.550
36.397	74.560
36.402	74.570
36.407	74.580
36.412	74.590
36.417	74.600
36.422	74.610
36.427	74.620
36.432	74.630
36.437	74.640
36.442	74.650
36.447	74.660
36.451	74.670
36.456	74.680
36.461	74.690
36.466	74.700
36.471	74.710
36.476	74.720
36.481	74.730
36.486	74.740
36.491	74.750
36.496	74.760
36.501	74.770
36.506	74.780
36.511	74.790
36.516	74.800
36.521	74.810
36.526	74.820
36.531	74.830
36.536	74.840
36.541	74.850
36.546	74.860
36.551	74.870
36.556	74.880
36.561	74.890
36.566	74.900
36.571	74.910
36.577	74.920
36.582	74.930
36.587	74.940
36.592	74.950
36.597	74.960
36.602	74.970
36.607	74.980
36.612	74.990
36.617	75.000
36.622	75.010
36.627	75.020
36.632	75.030
36.637	75.040
36.642	75.050
36.647	75.060
36.652	75.070
36.657	75.080
36.663	75.090
36.668	75.100
36.673	75.110
36.678	75.120
36.683	75.130
36.688	75.140
36.693	75.150
36.698	75.160
36.703	75.170
36.708	75.180
36.713	75.190
36.718	75.200
36.723	75.210
36.728	75.220
36.733	75.230
36.738	75.240
36.743	75.250
36.748	75.260
36.753	75.270
36.758	75.280
36.763	75.290
36.768	75.300
36.773	75.310
36.778	75.320
36.783	75.330
36.788	75.340
36.793	75.350
36.798	75.360
36.803	75.370
36.808	75.380
36.813	75.390
36.818	75.400
36.823	75.410
36.828	75.420
36.833	75.430
36.838	75.440
36.842	75.450
36.847	75.460
36.852	75.470
36.857	75.480
36.862	75.490
36.867	75.500
36.872	75.510
36.876	75.520
36.881	75.530
36.886	75.540
36.891	75.550
36.896	75.560
36.900	75.570
36.905	75.580
36.910	75.590
36.915	75.600
36.920	75.610
36.925	75.620
36.930	75.630
36.934	75.640
36.939	75.650
36.944	75.660
36.949	75.670
36.954	75.680
36.959	75.690
36.963	75.700
36.968	75.710
36.973	75.720
36.978	75.730
36.983	75.740
36.988	75.750
36.992	75.760
36.997	75.770
37.002	75.780
37.007	75.790
37.012	75.800
37.017	75.810
37.022	75.820
37.027	75.830
37.032	75.840
37.037	75.850
37.041	75.860
37.046	75.870
37.051	75.880
37.056	75.890
37.061	75.900
37.066	75.910
37.071	75.920
37.076	75.930
37.081	75.940
37.086	75.950
37.091	75.960
37.096	75.970
37.101	75.980
37.106	75.990
37.111	76.000
37.116	76.010
37.121	76.020
37.126	76.030
37.131	76.040
37.136	76.050
37.141	76.060
37.146	76.070
37.151	76.080
37.156	76.090
37.161	76.100
37.166	76.110
37.172	76.120
37.177	76.130
37.182	76.140
37.187	76.150
37.192	76.160
37.197	76.170
37.202	76.180
37.207	76.190
37.212	76.200
37.217	76.210
37.222	76.220
37.227	76.230
37.232	76.240
37.237	76.250
37.242	76.260
37.247	76.270
37.252	76.280
37.257	76.290
37.262	76.300
37.267	76.310
37.273	76.320
37.278	76.330
37.283	76.340
37.288	76.350
37.293	76.360
37.298	76.370
37.303	76.380
37.308	76.390
37.313	76.400
37.318	76.410
37.323	76.420
37.328	76.430
37.333	76.440
37.339	76.450
37.344	76.460
37.349	76.470
37.354	76.480
37.359	76.490
37.364	76.500
37.369	76.510
37.375	76.520
37.380	76.530
37.385	76.540
37.390	76.550
37.395	76.560
37.400	76.570
37.405	76.580
37.410	76.590
37.415	76.600
37.420	76.610
37.425	76.620
37.430	76.630
37.435	76.640
37.440	76.650
37.444	76.660
37.449	76.670
37.454	76.680
37.459	76.690
37.464	76.700
37.469	76.710
37.474	76.720
37.478	76.730
37.483	76.740
37.488	76.750
37.493	76.760
37.498	76.770
37.502	76.780
37.507	76.790
37.512	76.800
37.517	76.810
37.522	76.820
37.526	76.830
37.531	76.840
37.536	76.850
37.541	76.860
37.546	76.870
37.550	76.880
37.555	76.890
37.560	76.900
37.565	76.910
37.570	76.920
37.574	76.930
37.579	76.940
37.584	76.950
37.589	76.960
37.594	76.970
37.598	76.980
37.603	76.990
37.608	77.000
37.613	77.010
37.618	77.020
37.623	77.030
37.627	77.040
37.632	77.050
37.637	77.060
37.642	77.070
37.647	77.080
37.652	77.090
37.657	77.100
37.662	77.110
37.667	77.120
37.672	77.130
37.677	77.140
37.681	77.150
37.686	77.160
37.691	77.170
37.696	77.180
37.701	77.190
37.706	77.200
37.711	77.210
37.716	77.220
37.721	77.230
37.726	77.240
37.730	77.250
37.735	77.260
37.740	77.270
37.745	77.280
37.750	77.290
37.755	77.300
37.760	77.310
37.765	77.320
37.770	77.330
37.774	77.340
37.779	77.350
37.784	77.360
37.789	77.370
37.794	77.380
37.799	77.390
37.804	77.400
37.809	77.410
37.814	77.420
37.819	77.430
37.824	77.440
37.829	77.450
37.834	77.460
37.839	77.470
37.844	77.480
37.849	77.490
37.854	77.500
37.859	77.510
37.864	77.520
37.869	77.530
37.874	77.540
37.879	77.550
37.884	77.560
37.889	77.570
37.894	77.580
37.899	77.590
37.904	77.600
37.909	77.610
37.914	77.620
37.919	77.630
37.924	77.640
37.929	77.650
37.934	77.660
37.939	77.670
37.944	77.680
37.949	77.690
37.954	77.700
37.959	77.710
37.964	77.720
37.970	77.730
37.975	77.740
37.980	77.750
37.985	77.760
37.990	77.770
37.995	77.780
38.000	77.790
38.005	77.800
38.010	77.810
38.015	77.820
38.020	77.830
38.025	77.840
38.030	77.850
38.035	77.860
38.041	77.870
38.046	77.880
38.051	77.890
38.056	77.900
38.061	77.910
38.066	77.920
38.071	77.930
38.076	77.940
38.081	77.950
38.086	77.960
38.092	77.970
38.097	77.980
38.102	77.990
38.107	78.000
38.112	78.010
38.117	78.020
38.123	78.030
38.128	78.040
38.133	78.050
38.138	78.060
38.144	78.070
38.149	78.080
38.154	78.090
38.159	78.100
38.165	78.110
38.170	78.120
38.175	78.130
38.180	78.140
38.186	78.150
38.191	78.160
38.196	78.170
38.201	78.180
38.206	78.190
38.211	78.200
38.216	78.210
38.221	78.220
38.226	78.230
38.231	78.240
38.236	78.250
38.240	78.260
38.245	78.270
38.250	78.280
38.255	78.290
38.260	78.300
38.264	78.310
38.269	78.320
38.274	78.330
38.279	78.340
38.283	78.350
38.288	78.360
38.293	78.370
38.297	78.380
38.302	78.390
38.307	78.400
38.312	78.410
38.317	78.420
38.321	78.430
38.326	78.440
38.331	78.450
38.336	78.460
38.340	78.470
38.345	78.480
38.350	78.490
38.354	78.500
38.359	78.510
38.364	78.520
38.369	78.530
38.373	78.540
38.378	78.550
38.383	78.560
38.388	78.570
38.392	78.580
38.397	78.590
38.402	78.600
38.407	78.610
38.412	78.620
38.416	78.630
38.421	78.640
38.426	78.650
38.431	78.660
38.436	78.670
38.441	78.680
38.445	78.690
38.450	78.700
38.455	78.710
38.460	78.720
38.465	78.730
38.470	78.740
38.475	78.750
38.479	78.760
38.484	78.770
38.489	78.780
38.494	78.790
38.499	78.800
38.504	78.810
38.509	78.820
38.514	78.830
38.519	78.840
38.524	78.850
38.529	78.860
38.534	78.870
38.538	78.880
38.543	78.890
38.548	78.900
38.553	78.910
38.558	78.920
38.563	78.930
38.568	78.940
38.573	78.950
38.578	78.960
38.583	78.970
38.588	78.980
38.593	78.990
38.598	79.000
38.603	79.010
38.608	79.020
38.613	79.030
38.618	79.040
38.623	79.050
38.628	79.060
38.633	79.070
38.638	79.080
38.642	79.090
38.647	79.100
38.652	79.110
38.657	79.120
38.662	79.130
38.667	79.140
38.672	79.150
38.677	79.160
38.682	79.170
38.687	79.180
38.692	79.190
38.697	79.200
38.702	79.210
38.707	79.220
38.712	79.230
38.717	79.240
38.722	79.250
38.727	79.260
38.732	79.270
38.737	79.280
38.742	79.290
38.747	79.300
38.752	79.310
38.757	79.320
38.762	79.330
38.768	79.340
38.773	79.350
38.778	79.360
38.783	79.370
38.788	79.380
38.793	79.390
38.798	79.400
38.803	79.410
38.808	79.420
38.813	79.430
38.818	79.440
38.823	79.450
38.828	79.460
38.834	79.470
38.839	79.480
38.844	79.490
38.849	79.500
38.854	79.510
38.859	79.520
38.864	79.530
38.869	79.540
38.874	79.550
38.880	79.560
38.885	79.570
38.890	79.580
38.895	79.590
38.900	79.600
38.905	79.610
38.910	79.620
38.915	79.630
38.921	79.640
38.926	79.650
38.931	79.660
38.936	79.670
38.941	79.680
38.946	79.690
38.951	79.700
38.957	79.710
38.962	79.720
38.967	79.730
38.972	79.740
38.977	79.750
38.982	79.760
38.988	79.770
38.993	79.780
38.998	79.790
39.003	79.800
39.008	79.810
39.013	79.820
39.019	79.830
39.024	79.840
39.029	79.850
39.034	79.860
39.039	79.870
39.045	79.880
39.050	79.890
39.055	79.900
39.060	79.910
39.065	79.920
39.071	79.930
39.076	79.940
39.081	79.950
39.086	79.960
39.091	79.970
39.096	79.980
39.101	79.990
39.106	80.000
39.111	80.010
39.116	80.020
39.121	80.030
39.125	80.040
39.130	80.050
39.135	80.060
39.139	80.070
39.144	80.080
39.149	80.090
39.153	80.100
39.158	80.110
39.163	80.120
39.167	80.130
39.172	80.140
39.177	80.150
39.181	80.160
39.186	80.170
39.191	80.180
39.195	80.190
39.200	80.200
39.205	80.210
39.209	80.220
39.214	80.230
39.219	80.240
39.224	80.250
39.228	80.260
39.233	80.270
39.238	80.280
39.243	80.290
39.247	80.300
39.252	80.310
39.257	80.320
39.262	80.330
39.266	80.340
39.271	80.350
39.276	80.360
39.281	80.370
39.285	80.380
39.290	80.390
39.295	80.400
39.300	80.410
39.305	80.420
39.309	80.430
39.314	80.440
39.319	80.450
39.324	80.460
39.329	80.470
39.334	80.480
39.339	80.490
39.343	80.500
39.348	80.510
39.353	80.520
39.358	80.530
39.363	80.540
39.368	80.550
39.373	80.560
39.377	80.570
39.382	80.580
39.387	80.590
39.392	80.600
39.397	80.610
39.402	80.620
39.407	80.630
39.411	80.640
39.416	80.650
39.421	80.660
39.426	80.670
39.431	80.680
39.436	80.690
39.440	80.700
39.445	80.710
39.450	80.720
39.455	80.730
39.460	80.740
39.465	80.750
39.469	80.760
39.474	80.770
39.479	80.780
39.484	80.790
39.489	80.800
39.494	80.810
39.499	80.820
39.504	80.830
39.509	80.840
39.514	80.850
39.519	80.860
39.523	80.870
39.528	80.880
39.533	80.890
39.538	80.900
39.543	80.910
39.548	80.920
39.553	80.930
39.558	80.940
39.563	80.950
39.568	80.960
39.573	80.970
39.578	80.980
39.583	80.990
39.588	81.000
39.593	81.010
39.598	81.020
39.603	81.030
39.608	81.040
39.613	81.050
39.618	81.060
39.623	81.070
39.628	81.080
39.633	81.090
39.638	81.100
39.643	81.110
39.648	81.120
39.653	81.130
39.658	81.140
39.663	81.150
39.668	81.160
39.673	81.170
39.678	81.180
39.683	81.190
39.688	81.200
39.693	81.210
39.698	81.220
39.703	81.230
39.708	81.240
39.713	81.250
39.718	81.260
39.724	81.270
39.729	81.280
39.734	81.290
39.739	81.300
39.744	81.310
39.749	81.320
39.754	81.330
39.759	81.340
39.764	81.350
39.770	81.360
39.775	81.370
39.780	81.380
39.785	81.390
39.790	81.400
39.795	81.410
39.800	81.420
39.805	81.430
39.811	81.440
39.816	81.450
39.821	81.460
39.826	81.470
39.831	81.480
39.836	81.490
39.841	81.500
39.846	81.510
39.852	81.520
39.857	81.530
39.862	81.540
39.867	81.550
39.872	81.560
39.877	81.570
39.883	81.580
39.888	81.590
39.893	81.600
39.898	81.610
39.903	81.620
39.909	81.630
39.914	81.640
39.919	81.650
39.924	81.660
39.930	81.670
39.935	81.680
39.940	81.690
39.945	81.700
39.951	81.710
39.956	81.720
39.961	81.730
39.967	81.740
39.972	81.750
39.977	81.760
39.982	81.770
39.988	81.780
39.993	81.790
39.998	81.800
40.003	81.810
40.008	81.820
40.014	81.830
40.019	81.840
40.024	81.850
40.029	81.860
40.035	81.870
40.040	81.880
40.045	81.890
40.050	81.900
40.055	81.910
40.061	81.920
40.066	81.930
40.071	81.940
40.076	81.950
40.081	81.960
40.086	81.970
40.091	81.980
40.096	81.990
40.101	82.000
40.106	82.010
40.111	82.020
40.115	82.030
40.120	82.040
40.125	82.050
40.130	82.060
40.134	82.070
40.139	82.080
40.143	82.090
40.148	82.100
40.153	82.110
40.157	82.120
40.162	82.130
40.166	82.140
40.171	82.150
40.176	82.160
40.180	82.170
40.185	82.180
40.189	82.190
40.194	82.200
40.199	82.210
40.203	82.220
40.208	82.230
40.213	82.240
40.217	82.250
40.222	82.260
40.226	82.270
40.231	82.280
40.236	82.290
40.240	82.300
40.245	82.310
40.250	82.320
40.254	82.330
40.259	82.340
40.264	82.350
40.268	82.360
40.273	82.370
40.278	82.380
40.282	82.390
40.287	82.400
40.292	82.410
40.296	82.420
40.301	82.430
40.306	82.440
40.311	82.450
40.315	82.460
40.320	82.470
40.325	82.480
40.330	82.490
40.334	82.500
40.339	82.510
40.344	82.520
40.349	82.530
40.353	82.540
40.358	82.550
40.363	82.560
40.368	82.570
40.372	82.580
40.377	82.590
40.382	82.600
40.387	82.610
40.392	82.620
40.396	82.630
40.401	82.640
40.406	82.650
40.411	82.660
40.416	82.670
40.421	82.680
40.425	82.690
40.430	82.700
40.435	82.710
40.440	82.720
40.445	82.730
40.450	82.740
40.455	82.750
40.460	82.760
40.464	82.770
40.469	82.780
40.474	82.790
40.479	82.800
40.484	82.810
40.489	82.820
40.494	82.830
40.499	82.840
40.503	82.850
40.508	82.860
40.513	82.870
40.518	82.880
40.523	82.890
40.528	82.900
40.533	82.910
40.538	82.920
40.543	82.930
40.547	82.940
40.552	82.950
40.557	82.960
40.562	82.970
40.567	82.980
40.572	82.990
40.577	83.000
40.582	83.010
40.587	83.020
40.592	83.030
40.597	83.040
40.602	83.050
40.607	83.060
40.611	83.070
40.616	83.080
40.621	83.090
40.626	83.100
40.631	83.110
40.636	83.120
40.641	83.130
40.646	83.140
40.651	83.150
40.656	83.160
40.661	83.170
40.666	83.180
40.671	83.190
40.676	83.200
40.681	83.210
40.686	83.220
40.691	83.230
40.696	83.240
40.701	83.250
40.706	83.260
40.711	83.270
40.716	83.280
40.721	83.290
40.726	83.300
40.731	83.310
40.736	83.320
40.741	83.330
40.747	83.340
40.752	83.350
40.757	83.360
40.762	83.370
40.767	83.380
40.772	83.390
40.777	83.400
40.782	83.410
40.787	83.420
40.792	83.430
40.797	83.440
40.802	83.450
40.807	83.460
40.813	83.470
40.818	83.480
40.823	83.490
40.828	83.500
40.833	83.510
40.838	83.520
40.843	83.530
40.848	83.540
40.853	83.550
40.858	83.560
40.864	83.570
40.869	83.580
40.874	83.590
40.879	83.600
40.884	83.610
40.889	83.620
40.894	83.630
40.900	83.640
40.905	83.650
40.910	83.660
40.915	83.670
40.920	83.680
40.926	83.690
40.931	83.700
40.936	83.710
40.941	83.720
40.946	83.730
40.952	83.740
40.957	83.750
40.962	83.760
40.967	83.770
40.973	83.780
40.978	83.790
40.983	83.800
40.988	83.810
40.993	83.820
40.999	83.830
41.004	83.840
41.009	83.850
41.014	83.860
41.020	83.870
41.025	83.880
41.030	83.890
41.035	83.900
41.041	83.910
41.046	83.920
41.051	83.930
41.056	83.940
41.062	83.950
41.067	83.960
41.072	83.970
41.077	83.980
41.083	83.990
41.088	84.000
41.093	84.010
41.099	84.020
41.104	84.030
41.109	84.040
41.115	84.050
41.120	84.060
41.126	84.070
41.131	84.080
41.137	84.090
41.142	84.100
41.147	84.110
41.153	84.120
41.158	84.130
41.164	84.140
41.169	84.150
41.174	84.160
41.179	84.170
41.185	84.180
41.190	84.190
41.195	84.200
41.200	84.210
41.205	84.220
41.210	84.230
41.215	84.240
41.220	84.250
41.225	84.260
41.230	84.270
41.235	84.280
41.240	84.290
41.245	84.300
41.250	84.310
41.255	84.320
41.259	84.330
41.264	84.340
41.269	84.350
41.274	84.360
41.279	84.370
41.283	84.380
41.288	84.390
41.293	84.400
41.298	84.410
41.303	84.420
41.307	84.430
41.312	84.440
41.317	84.450
41.321	84.460
41.326	84.470
41.331	84.480
41.336	84.490
41.340	84.500
41.345	84.510
41.350	84.520
41.354	84.530
41.359	84.540
41.364	84.550
41.368	84.560
41.373	84.570
41.378	84.580
41.382	84.590
41.387	84.600
41.392	84.610
41.396	84.620
41.401	84.630
41.406	84.640
41.411	84.650
41.415	84.660
41.420	84.670
41.425	84.680
41.430	84.690
41.434	84.700
41.439	84.710
41.444	84.720
41.449	84.730
41.453	84.740
41.458	84.750
41.463	84.760
41.468	84.770
41.472	84.780
41.477	84.790
41.482	84.800
41.487	84.810
41.492	84.820
41.496	84.830
41.501	84.840
41.506	84.850
41.511	84.860
41.516	84.870
41.520	84.880
41.525	84.890
41.530	84.900
41.535	84.910
41.540	84.920
41.544	84.930
41.549	84.940
41.554	84.950
41.559	84.960
41.564	84.970
41.568	84.980
41.573	84.990
41.578	85.000
